sess25 verdict: FAIL (2023+ is a development window, not a holdout)

PRIMARY WTI M5 HIGH asia: PASS=False | dev gross6 +0.033 [-0.062,+0.131] p 0.245 holm 0.490 | w2023 gross6 -0.029 [-0.170,+0.125] p 0.642 holm 0.642
PRIMARY WTI M5 HIGH pday: PASS=False | dev gross6 -0.016 [-0.120,+0.089] p 0.614 holm 0.614 | w2023 gross6 +0.099 [-0.064,+0.304] p 0.115 holm 0.230

== M5 asia   per window: n | gross 3/6/12 [CI] | cont 3/6/12 | net 3/6/12 | side6 p
WTICO_USD  HIGH  dev   n   519 | -0.016 [-0.083,+0.049] +0.033 [-0.062,+0.131] +0.090 [-0.037,+0.221] | 0.439 0.442 0.411 | -0.209 -0.157 -0.110 | 0.297
WTICO_USD  HIGH  w2023 n   241 | +0.013 [-0.095,+0.139] -0.029 [-0.170,+0.125] -0.027 [-0.208,+0.182] | 0.444 0.418 0.373 | -0.111 -0.164 -0.138 | 0.548
WTICO_USD  QUIET dev   n  1282 | -0.044 [-0.089,-0.001] -0.038 [-0.099,+0.020] -0.015 [-0.096,+0.059] | 0.441 0.427 0.374 | -0.258 -0.254 -0.235 | 0.948
WTICO_USD  QUIET w2023 n  1180 | +0.023 [-0.025,+0.069] +0.010 [-0.050,+0.068] +0.064 [-0.017,+0.147] | 0.500 0.455 0.405 | -0.164 -0.180 -0.139 | 0.319
WTICO_USD  HIGH-QUIET dev   gross +0.028 [-0.044,+0.115] +0.072 [-0.042,+0.198] +0.105 [-0.041,+0.257]
WTICO_USD  HIGH-QUIET w2023 gross -0.009 [-0.130,+0.125] -0.039 [-0.197,+0.127] -0.091 [-0.293,+0.132]
XAU_USD    HIGH  dev   n   552 | -0.029 [-0.095,+0.039] -0.027 [-0.105,+0.067] -0.001 [-0.099,+0.115] | 0.443 0.421 0.398 | -0.231 -0.228 -0.195 | 0.701
XAU_USD    HIGH  w2023 n   251 | +0.042 [-0.052,+0.151] -0.000 [-0.131,+0.153] -0.022 [-0.186,+0.166] | 0.490 0.432 0.357 | -0.060 -0.103 -0.145 | 0.278
XAU_USD    QUIET dev   n  1038 | -0.023 [-0.078,+0.036] -0.033 [-0.099,+0.036] -0.040 [-0.120,+0.055] | 0.441 0.434 0.372 | -0.267 -0.285 -0.268 | 0.873
XAU_USD    QUIET w2023 n   915 | -0.013 [-0.065,+0.042] +0.003 [-0.065,+0.070] -0.010 [-0.101,+0.073] | 0.462 0.429 0.377 | -0.148 -0.134 -0.162 | 0.415
XAU_USD    HIGH-QUIET dev   gross -0.006 [-0.089,+0.082] +0.005 [-0.101,+0.122] +0.039 [-0.098,+0.184]
XAU_USD    HIGH-QUIET w2023 gross +0.055 [-0.047,+0.168] -0.003 [-0.147,+0.160] -0.013 [-0.208,+0.198]
XAG_USD    HIGH  dev   n   508 | -0.087 [-0.153,-0.018] -0.079 [-0.177,+0.022] -0.096 [-0.213,+0.035] | 0.412 0.394 0.309 | -0.516 -0.516 -0.528 | 0.969
XAG_USD    HIGH  w2023 n   213 | +0.037 [-0.097,+0.180] +0.041 [-0.114,+0.211] -0.016 [-0.228,+0.202] | 0.462 0.434 0.355 | -0.175 -0.143 -0.206 | 0.228
XAG_USD    QUIET dev   n  1022 | -0.069 [-0.126,-0.004] -0.078 [-0.148,-0.008] -0.011 [-0.106,+0.084] | 0.418 0.389 0.357 | -0.647 -0.651 -0.618 | 0.990
XAG_USD    QUIET w2023 n   948 | +0.028 [-0.031,+0.092] +0.022 [-0.055,+0.105] -0.015 [-0.106,+0.072] | 0.467 0.426 0.377 | -0.272 -0.266 -0.313 | 0.242
XAG_USD    HIGH-QUIET dev   gross -0.018 [-0.109,+0.072] -0.001 [-0.121,+0.120] -0.084 [-0.239,+0.084]
XAG_USD    HIGH-QUIET w2023 gross +0.009 [-0.139,+0.162] +0.019 [-0.163,+0.207] -0.000 [-0.222,+0.232]
EUR_USD    HIGH  dev   n   344 | -0.003 [-0.096,+0.089] -0.027 [-0.139,+0.079] -0.035 [-0.183,+0.104] | 0.424 0.424 0.360 | -0.138 -0.167 -0.168 | 0.393
EUR_USD    HIGH  w2023 n   198 | -0.077 [-0.201,+0.055] -0.105 [-0.251,+0.053] -0.138 [-0.326,+0.061] | 0.414 0.394 0.323 | -0.243 -0.266 -0.286 | 0.799
EUR_USD    QUIET dev   n  1399 | +0.008 [-0.032,+0.049] +0.021 [-0.033,+0.073] -0.015 [-0.079,+0.051] | 0.475 0.452 0.396 | -0.194 -0.181 -0.217 | 0.322
EUR_USD    QUIET w2023 n  1085 | -0.001 [-0.049,+0.047] -0.008 [-0.067,+0.049] -0.028 [-0.104,+0.044] | 0.463 0.446 0.384 | -0.258 -0.258 -0.278 | 0.751
EUR_USD    HIGH-QUIET dev   gross -0.011 [-0.118,+0.094] -0.048 [-0.176,+0.075] -0.020 [-0.184,+0.141]
EUR_USD    HIGH-QUIET w2023 gross -0.075 [-0.207,+0.066] -0.097 [-0.252,+0.081] -0.110 [-0.298,+0.109]
SPX500_USD HIGH  dev   n   484 | +0.011 [-0.066,+0.094] +0.016 [-0.076,+0.114] +0.042 [-0.082,+0.167] | 0.459 0.457 0.388 | -0.116 -0.103 -0.071 | 0.211
SPX500_USD HIGH  w2023 n   356 | +0.018 [-0.074,+0.116] +0.010 [-0.115,+0.143] -0.023 [-0.174,+0.145] | 0.461 0.437 0.345 | -0.054 -0.055 -0.101 | 0.366
SPX500_USD QUIET dev   n  1290 | +0.020 [-0.027,+0.068] +0.045 [-0.016,+0.111] +0.039 [-0.042,+0.121] | 0.445 0.444 0.373 | -0.186 -0.164 -0.157 | 0.266
SPX500_USD QUIET w2023 n  1078 | +0.001 [-0.051,+0.052] +0.004 [-0.065,+0.070] -0.020 [-0.109,+0.075] | 0.464 0.432 0.358 | -0.144 -0.134 -0.144 | 0.852
SPX500_USD HIGH-QUIET dev   gross -0.009 [-0.103,+0.079] -0.029 [-0.140,+0.087] +0.003 [-0.142,+0.152]
SPX500_USD HIGH-QUIET w2023 gross +0.017 [-0.089,+0.131] +0.007 [-0.142,+0.166] -0.003 [-0.185,+0.188]
NATGAS_USD HIGH  dev   n   475 | +0.045 [-0.053,+0.143] +0.051 [-0.071,+0.166] +0.086 [-0.077,+0.245] | 0.449 0.408 0.355 | -0.602 -0.558 -0.507 | 0.500
NATGAS_USD HIGH  w2023 n   270 | -0.080 [-0.173,+0.023] -0.054 [-0.166,+0.077] -0.078 [-0.242,+0.104] | 0.421 0.408 0.318 | -0.591 -0.596 -0.541 | 0.874
NATGAS_USD QUIET dev   n   534 | +0.021 [-0.067,+0.112] +0.020 [-0.097,+0.149] +0.000 [-0.145,+0.133] | 0.444 0.405 0.337 | -0.554 -0.520 -0.492 | 0.675
NATGAS_USD QUIET w2023 n   560 | -0.008 [-0.084,+0.057] -0.018 [-0.122,+0.082] +0.035 [-0.122,+0.175] | 0.448 0.387 0.328 | -0.691 -0.678 -0.629 | 0.956
NATGAS_USD HIGH-QUIET dev   gross +0.024 [-0.114,+0.157] +0.032 [-0.140,+0.200] +0.086 [-0.128,+0.299]
NATGAS_USD HIGH-QUIET w2023 gross -0.073 [-0.194,+0.053] -0.036 [-0.186,+0.140] -0.113 [-0.339,+0.133]

== M5 pday   per window: n | gross 3/6/12 [CI] | cont 3/6/12 | net 3/6/12 | side6 p
WTICO_USD  HIGH  dev   n   362 | -0.011 [-0.106,+0.091] -0.016 [-0.120,+0.089] +0.002 [-0.124,+0.125] | 0.442 0.437 0.423 | -0.188 -0.193 -0.166 | 0.438
WTICO_USD  HIGH  w2023 n   164 | +0.021 [-0.106,+0.198] +0.099 [-0.064,+0.304] +0.116 [-0.084,+0.340] | 0.460 0.481 0.410 | -0.076 -0.010 -0.020 | 0.306
WTICO_USD  QUIET dev   n   660 | -0.007 [-0.064,+0.054] +0.021 [-0.061,+0.103] -0.010 [-0.113,+0.094] | 0.458 0.460 0.384 | -0.190 -0.154 -0.186 | 0.479
WTICO_USD  QUIET w2023 n   631 | +0.019 [-0.040,+0.078] +0.019 [-0.063,+0.103] +0.028 [-0.078,+0.154] | 0.502 0.463 0.397 | -0.150 -0.144 -0.114 | 0.421
WTICO_USD  HIGH-QUIET dev   gross -0.004 [-0.126,+0.116] -0.036 [-0.181,+0.103] +0.012 [-0.152,+0.184]
WTICO_USD  HIGH-QUIET w2023 gross +0.002 [-0.141,+0.190] +0.079 [-0.105,+0.291] +0.088 [-0.150,+0.345]
XAU_USD    HIGH  dev   n   386 | +0.012 [-0.071,+0.098] +0.032 [-0.071,+0.146] +0.111 [-0.025,+0.250] | 0.448 0.435 0.415 | -0.172 -0.143 -0.068 | 0.501
XAU_USD    HIGH  w2023 n   192 | +0.060 [-0.062,+0.192] +0.047 [-0.100,+0.209] +0.136 [-0.047,+0.351] | 0.503 0.461 0.416 | -0.016 -0.040 +0.035 | 0.222
XAU_USD    QUIET dev   n   522 | +0.022 [-0.041,+0.091] +0.008 [-0.081,+0.096] +0.047 [-0.070,+0.174] | 0.471 0.443 0.408 | -0.208 -0.214 -0.189 | 0.562
XAU_USD    QUIET w2023 n   480 | +0.018 [-0.061,+0.095] +0.056 [-0.048,+0.158] +0.125 [-0.013,+0.261] | 0.499 0.470 0.418 | -0.116 -0.084 -0.039 | 0.089
XAU_USD    HIGH-QUIET dev   gross -0.010 [-0.118,+0.102] +0.024 [-0.121,+0.175] +0.064 [-0.115,+0.250]
XAU_USD    HIGH-QUIET w2023 gross +0.042 [-0.105,+0.195] -0.009 [-0.182,+0.179] +0.011 [-0.213,+0.288]
XAG_USD    HIGH  dev   n   356 | -0.052 [-0.152,+0.040] -0.011 [-0.136,+0.117] -0.014 [-0.173,+0.151] | 0.438 0.398 0.356 | -0.472 -0.446 -0.392 | 0.721
XAG_USD    HIGH  w2023 n   152 | +0.171 [+0.012,+0.339] +0.261 [+0.057,+0.489] +0.213 [-0.037,+0.489] | 0.523 0.464 0.413 | -0.033 +0.056 -0.007 | 0.037
XAG_USD    QUIET dev   n   526 | +0.059 [-0.017,+0.143] +0.042 [-0.051,+0.146] +0.128 [-0.003,+0.265] | 0.479 0.426 0.420 | -0.522 -0.548 -0.495 | 0.345
XAG_USD    QUIET w2023 n   544 | +0.097 [+0.023,+0.176] +0.085 [-0.009,+0.192] +0.117 [-0.008,+0.259] | 0.505 0.470 0.409 | -0.172 -0.173 -0.131 | 0.090
XAG_USD    HIGH-QUIET dev   gross -0.112 [-0.251,+0.011] -0.053 [-0.211,+0.111] -0.142 [-0.356,+0.058]
XAG_USD    HIGH-QUIET w2023 gross +0.074 [-0.101,+0.256] +0.176 [-0.055,+0.427] +0.096 [-0.175,+0.395]
EUR_USD    HIGH  dev   n   290 | +0.043 [-0.047,+0.142] +0.026 [-0.084,+0.136] +0.103 [-0.036,+0.249] | 0.469 0.479 0.460 | -0.081 -0.087 -0.006 | 0.325
EUR_USD    HIGH  w2023 n   173 | +0.039 [-0.111,+0.192] +0.045 [-0.142,+0.239] +0.052 [-0.163,+0.290] | 0.474 0.422 0.395 | -0.148 -0.158 -0.163 | 0.464
EUR_USD    QUIET dev   n   731 | +0.001 [-0.056,+0.057] -0.054 [-0.127,+0.022] -0.077 [-0.171,+0.026] | 0.464 0.432 0.368 | -0.198 -0.230 -0.227 | 0.970
EUR_USD    QUIET w2023 n   564 | -0.013 [-0.080,+0.052] -0.018 [-0.103,+0.063] -0.037 [-0.137,+0.066] | 0.482 0.455 0.396 | -0.255 -0.279 -0.300 | 0.381
EUR_USD    HIGH-QUIET dev   gross +0.041 [-0.069,+0.154] +0.079 [-0.054,+0.221] +0.180 [+0.009,+0.350]
EUR_USD    HIGH-QUIET w2023 gross +0.053 [-0.103,+0.213] +0.063 [-0.151,+0.274] +0.089 [-0.144,+0.330]
SPX500_USD HIGH  dev   n   328 | +0.007 [-0.081,+0.090] +0.061 [-0.061,+0.182] +0.076 [-0.073,+0.230] | 0.465 0.481 0.416 | -0.100 -0.036 -0.027 | 0.035
SPX500_USD HIGH  w2023 n   251 | -0.028 [-0.138,+0.099] -0.015 [-0.154,+0.142] -0.128 [-0.306,+0.066] | 0.484 0.435 0.333 | -0.091 -0.083 -0.199 | 0.654
SPX500_USD QUIET dev   n   693 | +0.092 [+0.028,+0.152] +0.083 [+0.006,+0.169] +0.074 [-0.026,+0.178] | 0.504 0.476 0.414 | -0.069 -0.075 -0.079 | 0.023
SPX500_USD QUIET w2023 n   568 | +0.036 [-0.036,+0.113] -0.012 [-0.112,+0.086] +0.038 [-0.088,+0.177] | 0.492 0.416 0.375 | -0.079 -0.117 -0.073 | 0.658
SPX500_USD HIGH-QUIET dev   gross -0.085 [-0.192,+0.025] -0.022 [-0.179,+0.121] +0.002 [-0.181,+0.182]
SPX500_USD HIGH-QUIET w2023 gross -0.064 [-0.200,+0.084] -0.003 [-0.180,+0.188] -0.166 [-0.388,+0.072]
NATGAS_USD HIGH  dev   n   500 | +0.155 [+0.058,+0.258] +0.146 [+0.025,+0.272] +0.264 [+0.098,+0.419] | 0.484 0.451 0.417 | -0.582 -0.585 -0.474 | 0.035
NATGAS_USD HIGH  w2023 n   277 | +0.073 [-0.036,+0.182] +0.012 [-0.115,+0.142] +0.068 [-0.098,+0.241] | 0.493 0.429 0.407 | -0.505 -0.493 -0.432 | 0.236
NATGAS_USD QUIET dev   n   458 | +0.120 [+0.028,+0.217] +0.038 [-0.068,+0.159] +0.138 [-0.016,+0.313] | 0.481 0.409 0.404 | -0.692 -0.709 -0.590 | 0.508
NATGAS_USD QUIET w2023 n   524 | +0.095 [+0.014,+0.180] +0.046 [-0.050,+0.152] +0.125 [-0.009,+0.260] | 0.488 0.431 0.380 | -0.574 -0.568 -0.458 | 0.337
NATGAS_USD HIGH-QUIET dev   gross +0.036 [-0.109,+0.166] +0.108 [-0.073,+0.284] +0.126 [-0.119,+0.346]
NATGAS_USD HIGH-QUIET w2023 gross -0.022 [-0.158,+0.116] -0.034 [-0.194,+0.139] -0.056 [-0.258,+0.181]

== M1 asia   per window: n | gross 3/6/12 [CI] | cont 3/6/12 | net 3/6/12 | side6 p
WTICO_USD  HIGH  dev   n   814 | -0.014 [-0.077,+0.047] +0.028 [-0.048,+0.103] +0.001 [-0.085,+0.084] | 0.418 0.441 0.395 | -0.394 -0.364 -0.400 | 0.473
WTICO_USD  HIGH  w2023 n   409 | +0.106 [+0.008,+0.209] +0.124 [+0.005,+0.256] +0.159 [+0.014,+0.322] | 0.499 0.491 0.421 | -0.185 -0.174 -0.156 | 0.038
WTICO_USD  QUIET dev   n   819 | -0.039 [-0.101,+0.017] -0.024 [-0.092,+0.045] -0.026 [-0.117,+0.069] | 0.422 0.432 0.374 | -0.435 -0.426 -0.417 | 0.749
WTICO_USD  QUIET w2023 n  1033 | +0.004 [-0.048,+0.054] +0.045 [-0.021,+0.110] +0.073 [-0.010,+0.153] | 0.458 0.458 0.415 | -0.402 -0.372 -0.378 | 0.399
WTICO_USD  HIGH-QUIET dev   gross +0.025 [-0.054,+0.116] +0.052 [-0.049,+0.158] +0.026 [-0.096,+0.158]
WTICO_USD  HIGH-QUIET w2023 gross +0.102 [-0.016,+0.226] +0.079 [-0.054,+0.246] +0.086 [-0.079,+0.268]
XAU_USD    HIGH  dev   n   840 | -0.054 [-0.111,+0.006] -0.044 [-0.129,+0.043] -0.070 [-0.160,+0.019] | 0.418 0.384 0.357 | -0.497 -0.484 -0.485 | 0.945
XAU_USD    HIGH  w2023 n   383 | +0.069 [-0.029,+0.177] +0.041 [-0.079,+0.177] +0.071 [-0.061,+0.228] | 0.501 0.439 0.379 | -0.162 -0.189 -0.171 | 0.129
XAU_USD    QUIET dev   n   796 | +0.012 [-0.053,+0.075] +0.009 [-0.071,+0.094] -0.019 [-0.122,+0.089] | 0.458 0.424 0.350 | -0.439 -0.436 -0.421 | 0.408
XAU_USD    QUIET w2023 n   830 | -0.038 [-0.098,+0.018] -0.032 [-0.108,+0.045] -0.053 [-0.143,+0.038] | 0.437 0.406 0.363 | -0.339 -0.337 -0.361 | 0.907
XAU_USD    HIGH-QUIET dev   gross -0.066 [-0.152,+0.022] -0.052 [-0.153,+0.064] -0.051 [-0.180,+0.072]
XAU_USD    HIGH-QUIET w2023 gross +0.107 [-0.005,+0.226] +0.073 [-0.069,+0.231] +0.124 [-0.049,+0.299]
XAG_USD    HIGH  dev   n   466 | -0.029 [-0.121,+0.072] -0.076 [-0.191,+0.049] -0.100 [-0.244,+0.077] | 0.413 0.363 0.291 | -0.734 -0.761 -0.746 | 0.992
XAG_USD    HIGH  w2023 n   312 | -0.004 [-0.116,+0.117] +0.038 [-0.099,+0.186] +0.120 [-0.056,+0.326] | 0.423 0.429 0.365 | -0.477 -0.434 -0.396 | 0.502
XAG_USD    QUIET dev   n   512 | +0.039 [-0.050,+0.120] +0.050 [-0.064,+0.159] +0.016 [-0.124,+0.170] | 0.448 0.419 0.339 | -0.887 -0.863 -0.840 | 0.434
XAG_USD    QUIET w2023 n   893 | +0.015 [-0.049,+0.080] +0.027 [-0.062,+0.121] +0.095 [-0.023,+0.221] | 0.442 0.417 0.385 | -0.631 -0.616 -0.590 | 0.720
XAG_USD    HIGH-QUIET dev   gross -0.068 [-0.191,+0.066] -0.126 [-0.291,+0.042] -0.116 [-0.320,+0.110]
XAG_USD    HIGH-QUIET w2023 gross -0.019 [-0.145,+0.127] +0.011 [-0.157,+0.184] +0.025 [-0.185,+0.255]
EUR_USD    HIGH  dev   n   625 | +0.039 [-0.035,+0.115] +0.059 [-0.032,+0.150] +0.084 [-0.024,+0.191] | 0.472 0.434 0.411 | -0.267 -0.232 -0.216 | 0.069
EUR_USD    HIGH  w2023 n   280 | +0.080 [-0.030,+0.192] +0.142 [+0.007,+0.277] +0.078 [-0.081,+0.234] | 0.464 0.482 0.411 | -0.265 -0.208 -0.266 | 0.027
EUR_USD    QUIET dev   n  1174 | +0.013 [-0.035,+0.062] +0.015 [-0.047,+0.074] -0.001 [-0.086,+0.082] | 0.476 0.432 0.384 | -0.412 -0.423 -0.425 | 0.585
EUR_USD    QUIET w2023 n  1062 | -0.015 [-0.063,+0.032] -0.021 [-0.086,+0.037] -0.064 [-0.136,+0.007] | 0.450 0.426 0.366 | -0.572 -0.569 -0.584 | 0.856
EUR_USD    HIGH-QUIET dev   gross +0.026 [-0.063,+0.117] +0.044 [-0.068,+0.163] +0.085 [-0.055,+0.230]
EUR_USD    HIGH-QUIET w2023 gross +0.094 [-0.029,+0.221] +0.163 [+0.015,+0.323] +0.142 [-0.032,+0.319]
SPX500_USD HIGH  dev   n   574 | +0.045 [-0.035,+0.124] -0.003 [-0.098,+0.101] +0.092 [-0.035,+0.247] | 0.470 0.428 0.396 | -0.214 -0.262 -0.183 | 0.524
SPX500_USD HIGH  w2023 n   419 | -0.058 [-0.158,+0.038] -0.036 [-0.161,+0.091] -0.048 [-0.187,+0.089] | 0.413 0.376 0.341 | -0.239 -0.236 -0.256 | 0.965
SPX500_USD QUIET dev   n   967 | +0.017 [-0.038,+0.072] +0.025 [-0.048,+0.099] +0.020 [-0.069,+0.112] | 0.436 0.428 0.385 | -0.270 -0.253 -0.259 | 0.368
SPX500_USD QUIET w2023 n   912 | +0.029 [-0.032,+0.098] +0.018 [-0.054,+0.100] -0.057 [-0.146,+0.040] | 0.455 0.442 0.357 | -0.282 -0.279 -0.356 | 0.552
SPX500_USD HIGH-QUIET dev   gross +0.027 [-0.068,+0.120] -0.028 [-0.154,+0.090] +0.072 [-0.095,+0.250]
SPX500_USD HIGH-QUIET w2023 gross -0.087 [-0.212,+0.024] -0.054 [-0.208,+0.082] +0.008 [-0.170,+0.162]
NATGAS_USD HIGH  dev   n   239 | -0.069 [-0.195,+0.065] -0.039 [-0.203,+0.134] -0.043 [-0.247,+0.172] | 0.437 0.405 0.301 | -0.639 -0.615 -0.553 | 0.720
NATGAS_USD HIGH  w2023 n    37 | -0.181 [-0.481,+0.116] -0.190 [-0.474,+0.139] -0.040 [-0.450,+0.418] | 0.333 0.414 0.414 | -0.684 -0.733 -0.691 | 0.892
NATGAS_USD QUIET dev   n    83 | -0.125 [-0.340,+0.062] -0.071 [-0.347,+0.198] -0.094 [-0.458,+0.317] | 0.350 0.355 0.319 | -0.718 -0.698 -0.700 | 0.803
NATGAS_USD QUIET w2023 n    22 | -0.279 [-0.577,+0.113] -0.353 [-0.672,+0.094] -0.473 [-0.925,+0.246] | 0.450 0.222 0.125 | -1.033 -0.972 -1.131 | 0.944
NATGAS_USD HIGH-QUIET dev   gross +0.056 [-0.189,+0.319] +0.032 [-0.286,+0.378] +0.050 [-0.440,+0.481]
NATGAS_USD HIGH-QUIET w2023 gross +0.098 [-0.329,+0.497] +0.163 [-0.391,+0.611] +0.432 [-0.381,+1.091]

== M1 pday   per window: n | gross 3/6/12 [CI] | cont 3/6/12 | net 3/6/12 | side6 p
WTICO_USD  HIGH  dev   n   607 | +0.042 [-0.027,+0.111] +0.065 [-0.026,+0.161] +0.064 [-0.049,+0.182] | 0.443 0.450 0.399 | -0.298 -0.253 -0.261 | 0.118
WTICO_USD  HIGH  w2023 n   290 | +0.011 [-0.084,+0.117] +0.074 [-0.057,+0.240] +0.052 [-0.102,+0.243] | 0.469 0.421 0.375 | -0.236 -0.188 -0.211 | 0.256
WTICO_USD  QUIET dev   n   458 | +0.055 [-0.020,+0.126] +0.056 [-0.041,+0.152] +0.056 [-0.062,+0.171] | 0.487 0.471 0.417 | -0.338 -0.342 -0.336 | 0.121
WTICO_USD  QUIET w2023 n   533 | +0.005 [-0.067,+0.074] +0.038 [-0.056,+0.123] -0.008 [-0.118,+0.096] | 0.464 0.473 0.396 | -0.352 -0.329 -0.345 | 0.386
WTICO_USD  HIGH-QUIET dev   gross -0.013 [-0.109,+0.097] +0.009 [-0.130,+0.154] +0.008 [-0.156,+0.187]
WTICO_USD  HIGH-QUIET w2023 gross +0.007 [-0.105,+0.139] +0.036 [-0.116,+0.222] +0.060 [-0.118,+0.274]
XAU_USD    HIGH  dev   n   548 | +0.094 [+0.014,+0.182] +0.107 [+0.011,+0.210] +0.084 [-0.038,+0.218] | 0.479 0.452 0.387 | -0.315 -0.303 -0.277 | 0.101
XAU_USD    HIGH  w2023 n   286 | -0.061 [-0.164,+0.028] -0.047 [-0.181,+0.083] -0.047 [-0.213,+0.108] | 0.430 0.389 0.346 | -0.230 -0.224 -0.230 | 0.865
XAU_USD    QUIET dev   n   412 | -0.020 [-0.102,+0.068] +0.070 [-0.045,+0.197] +0.148 [-0.003,+0.304] | 0.461 0.446 0.420 | -0.480 -0.409 -0.342 | 0.142
XAU_USD    QUIET w2023 n   423 | +0.062 [-0.026,+0.150] +0.175 [+0.060,+0.295] +0.179 [+0.038,+0.326] | 0.485 0.474 0.419 | -0.212 -0.119 -0.127 | 0.017
XAU_USD    HIGH-QUIET dev   gross +0.114 [-0.007,+0.234] +0.037 [-0.124,+0.197] -0.064 [-0.267,+0.131]
XAU_USD    HIGH-QUIET w2023 gross -0.123 [-0.267,+0.001] -0.222 [-0.412,-0.056] -0.226 [-0.454,-0.007]
XAG_USD    HIGH  dev   n   388 | -0.023 [-0.122,+0.092] -0.024 [-0.154,+0.106] -0.072 [-0.220,+0.095] | 0.434 0.371 0.314 | -0.756 -0.764 -0.776 | 0.846
XAG_USD    HIGH  w2023 n   255 | -0.037 [-0.150,+0.069] +0.021 [-0.121,+0.170] +0.147 [-0.051,+0.353] | 0.439 0.435 0.396 | -0.453 -0.391 -0.318 | 0.333
XAG_USD    QUIET dev   n   322 | +0.139 [+0.023,+0.271] +0.168 [+0.021,+0.351] +0.167 [-0.035,+0.408] | 0.513 0.461 0.373 | -0.958 -0.914 -0.838 | 0.044
XAG_USD    QUIET w2023 n   481 | -0.025 [-0.107,+0.063] +0.027 [-0.085,+0.150] +0.102 [-0.035,+0.257] | 0.410 0.406 0.372 | -0.626 -0.617 -0.534 | 0.828
XAG_USD    HIGH-QUIET dev   gross -0.162 [-0.336,+0.001] -0.192 [-0.413,+0.007] -0.238 [-0.535,+0.011]
XAG_USD    HIGH-QUIET w2023 gross -0.013 [-0.151,+0.117] -0.006 [-0.202,+0.181] +0.046 [-0.220,+0.302]
EUR_USD    HIGH  dev   n   443 | -0.010 [-0.084,+0.073] +0.002 [-0.094,+0.102] +0.025 [-0.098,+0.139] | 0.465 0.427 0.398 | -0.309 -0.284 -0.289 | 0.433
EUR_USD    HIGH  w2023 n   224 | +0.127 [-0.004,+0.240] +0.098 [-0.068,+0.254] +0.022 [-0.147,+0.191] | 0.504 0.460 0.386 | -0.183 -0.203 -0.254 | 0.052
EUR_USD    QUIET dev   n   631 | +0.094 [+0.027,+0.169] +0.125 [+0.031,+0.212] +0.139 [+0.031,+0.262] | 0.523 0.480 0.433 | -0.327 -0.313 -0.295 | 0.003
EUR_USD    QUIET w2023 n   540 | +0.057 [-0.008,+0.122] +0.056 [-0.042,+0.153] +0.068 [-0.050,+0.186] | 0.487 0.444 0.383 | -0.508 -0.490 -0.470 | 0.191
EUR_USD    HIGH-QUIET dev   gross -0.104 [-0.211,+0.005] -0.123 [-0.253,+0.001] -0.114 [-0.288,+0.045]
EUR_USD    HIGH-QUIET w2023 gross +0.070 [-0.088,+0.201] +0.043 [-0.170,+0.224] -0.045 [-0.267,+0.168]
SPX500_USD HIGH  dev   n   415 | +0.025 [-0.064,+0.119] +0.056 [-0.057,+0.179] +0.096 [-0.036,+0.225] | 0.447 0.416 0.414 | -0.203 -0.157 -0.138 | 0.548
SPX500_USD HIGH  w2023 n   305 | -0.011 [-0.114,+0.094] -0.010 [-0.130,+0.111] +0.050 [-0.114,+0.221] | 0.433 0.424 0.393 | -0.148 -0.157 -0.079 | 0.367
SPX500_USD QUIET dev   n   616 | +0.097 [+0.023,+0.178] +0.112 [+0.023,+0.207] +0.127 [+0.013,+0.243] | 0.488 0.491 0.426 | -0.211 -0.198 -0.161 | 0.018
SPX500_USD QUIET w2023 n   555 | +0.011 [-0.063,+0.082] +0.062 [-0.034,+0.162] +0.088 [-0.036,+0.215] | 0.471 0.460 0.405 | -0.227 -0.177 -0.149 | 0.151
SPX500_USD HIGH-QUIET dev   gross -0.072 [-0.187,+0.039] -0.056 [-0.196,+0.085] -0.031 [-0.200,+0.143]
SPX500_USD HIGH-QUIET w2023 gross -0.022 [-0.148,+0.098] -0.072 [-0.226,+0.075] -0.038 [-0.249,+0.156]
NATGAS_USD HIGH  dev   n   372 | +0.039 [-0.077,+0.153] +0.084 [-0.066,+0.230] +0.088 [-0.088,+0.275] | 0.449 0.437 0.375 | -0.731 -0.641 -0.636 | 0.171
NATGAS_USD HIGH  w2023 n   196 | +0.058 [-0.094,+0.202] +0.029 [-0.172,+0.230] +0.165 [-0.102,+0.431] | 0.459 0.437 0.409 | -0.850 -0.768 -0.768 | 0.573
NATGAS_USD QUIET dev   n   138 | +0.163 [-0.008,+0.343] +0.256 [+0.017,+0.550] +0.192 [-0.102,+0.524] | 0.465 0.487 0.420 | -0.846 -0.804 -0.787 | 0.089
NATGAS_USD QUIET w2023 n   167 | +0.197 [+0.026,+0.368] +0.205 [-0.005,+0.427] +0.142 [-0.133,+0.449] | 0.576 0.492 0.426 | -0.937 -0.814 -0.748 | 0.142
NATGAS_USD HIGH-QUIET dev   gross -0.124 [-0.346,+0.098] -0.173 [-0.462,+0.099] -0.103 [-0.467,+0.223]
NATGAS_USD HIGH-QUIET w2023 gross -0.139 [-0.356,+0.086] -0.176 [-0.464,+0.114] +0.023 [-0.372,+0.386]

