legs27 verdict: {'H1': {'er': 'FAIL', 'wick': 'FAIL', 'r2s': 'FAIL'}, 'H2': 'FAIL'} (2023+ is a development window, not a holdout)

H1 PRIMARY WTI M5 N6 er: chop-clean P(clear) dev -0.005 [-0.011,+0.001] | 2023+ +0.005 [-0.002,+0.012] | PASS=False
H1 PRIMARY WTI M5 N6 wick: chop-clean P(clear) dev +0.003 [-0.004,+0.010] | 2023+ +0.009 [+0.002,+0.017] | PASS=False
H1 PRIMARY WTI M5 N6 r2s: chop-clean P(clear) dev +0.022 [+0.015,+0.029] | 2023+ +0.029 [+0.023,+0.037] | PASS=False
H2 PRIMARY WTI L0.6: race_d dev +0.007 [-0.028,+0.042] 2023+ +0.002 [-0.035,+0.043] PASS=False | sess dev -0.014 [-0.035,+0.006] 2023+ +0.018 [-0.008,+0.042] PASS=False

== H1 WTI M5 N6 per quintile: n | P(clear) | P(nodir) | mean |mv|/ATR | P(cont) | signed cont
er   dev   Q1 n   64913 | 0.721 [0.716,0.725] | 0.143 [0.140,0.146] | 1.316 | 0.499 [0.495,0.503] | +0.007 [-0.009,+0.023]
er   dev   Q2 n   64904 | 0.720 [0.716,0.724] | 0.142 [0.139,0.145] | 1.307 | 0.495 [0.490,0.500] | -0.003 [-0.021,+0.016]
er   dev   Q3 n   64905 | 0.722 [0.718,0.727] | 0.143 [0.140,0.146] | 1.307 | 0.488 [0.483,0.493] | -0.007 [-0.027,+0.013]
er   dev   Q4 n   64965 | 0.722 [0.718,0.726] | 0.140 [0.138,0.143] | 1.307 | 0.485 [0.480,0.490] | +0.005 [-0.015,+0.025]
er   dev   Q5 n   64943 | 0.726 [0.721,0.731] | 0.140 [0.137,0.143] | 1.299 | 0.472 [0.466,0.478] | -0.005 [-0.028,+0.019]
er   dev   chop-clean: clear -0.005 [-0.011,+0.001] nodir +0.003 [-0.001,+0.008] cont +0.027 [+0.020,+0.035] signed +0.012 [-0.019,+0.042]
er   w2023 Q1 n   48120 | 0.739 [0.734,0.744] | 0.133 [0.130,0.136] | 1.356 | 0.500 [0.495,0.504] | -0.011 [-0.028,+0.009]
er   w2023 Q2 n   48400 | 0.735 [0.731,0.740] | 0.135 [0.133,0.139] | 1.348 | 0.502 [0.497,0.508] | -0.010 [-0.028,+0.008]
er   w2023 Q3 n   48974 | 0.735 [0.730,0.739] | 0.134 [0.131,0.137] | 1.356 | 0.498 [0.491,0.504] | -0.004 [-0.028,+0.021]
er   w2023 Q4 n   49597 | 0.730 [0.726,0.735] | 0.137 [0.134,0.141] | 1.344 | 0.497 [0.491,0.504] | -0.026 [-0.052,+0.000]
er   w2023 Q5 n   51684 | 0.734 [0.729,0.739] | 0.138 [0.134,0.141] | 1.350 | 0.493 [0.486,0.500] | -0.008 [-0.038,+0.021]
er   w2023 chop-clean: clear +0.005 [-0.002,+0.012] nodir -0.005 [-0.009,+0.000] cont +0.007 [-0.001,+0.015] signed -0.003 [-0.037,+0.032]
wick dev   Q1 n   64724 | 0.723 [0.718,0.727] | 0.143 [0.140,0.146] | 1.305 | 0.487 [0.481,0.493] | +0.000 [-0.024,+0.024]
wick dev   Q2 n   65030 | 0.719 [0.715,0.723] | 0.143 [0.141,0.146] | 1.285 | 0.491 [0.485,0.496] | -0.004 [-0.024,+0.016]
wick dev   Q3 n   64995 | 0.721 [0.717,0.726] | 0.142 [0.139,0.145] | 1.292 | 0.490 [0.485,0.495] | -0.000 [-0.021,+0.018]
wick dev   Q4 n   65144 | 0.723 [0.719,0.728] | 0.140 [0.137,0.144] | 1.304 | 0.485 [0.480,0.490] | -0.007 [-0.027,+0.013]
wick dev   Q5 n   64737 | 0.726 [0.721,0.731] | 0.140 [0.136,0.143] | 1.350 | 0.486 [0.480,0.493] | +0.008 [-0.017,+0.034]
wick dev   chop-clean: clear +0.003 [-0.004,+0.010] nodir -0.004 [-0.009,+0.001] cont -0.001 [-0.009,+0.008] signed +0.008 [-0.026,+0.046]
wick w2023 Q1 n   65872 | 0.730 [0.726,0.734] | 0.139 [0.136,0.142] | 1.352 | 0.498 [0.492,0.505] | -0.016 [-0.041,+0.011]
wick w2023 Q2 n   53111 | 0.732 [0.727,0.736] | 0.136 [0.133,0.140] | 1.338 | 0.501 [0.495,0.507] | -0.004 [-0.027,+0.018]
wick w2023 Q3 n   46998 | 0.739 [0.734,0.744] | 0.132 [0.129,0.135] | 1.353 | 0.494 [0.488,0.501] | -0.006 [-0.030,+0.018]
wick w2023 Q4 n   42346 | 0.736 [0.731,0.741] | 0.135 [0.131,0.138] | 1.349 | 0.497 [0.490,0.504] | -0.014 [-0.040,+0.012]
wick w2023 Q5 n   38448 | 0.739 [0.733,0.745] | 0.134 [0.130,0.139] | 1.366 | 0.498 [0.490,0.506] | -0.022 [-0.057,+0.013]
wick w2023 chop-clean: clear +0.009 [+0.002,+0.017] nodir -0.004 [-0.010,+0.001] cont -0.001 [-0.011,+0.009] signed -0.007 [-0.049,+0.035]
r2s  dev   Q1 n   60655 | 0.737 [0.732,0.742] | 0.133 [0.129,0.136] | 1.438 | 0.478 [0.471,0.484] | -0.035 [-0.062,-0.009]
r2s  dev   Q2 n   65356 | 0.723 [0.719,0.727] | 0.143 [0.140,0.146] | 1.332 | 0.482 [0.477,0.488] | -0.012 [-0.035,+0.013]
r2s  dev   Q3 n   66029 | 0.724 [0.720,0.729] | 0.140 [0.137,0.143] | 1.312 | 0.495 [0.490,0.502] | +0.017 [-0.007,+0.042]
r2s  dev   Q4 n   66229 | 0.714 [0.709,0.718] | 0.146 [0.142,0.149] | 1.249 | 0.491 [0.485,0.497] | +0.007 [-0.016,+0.028]
r2s  dev   Q5 n   66361 | 0.715 [0.710,0.720] | 0.147 [0.143,0.150] | 1.216 | 0.491 [0.485,0.498] | +0.017 [-0.005,+0.041]
r2s  dev   chop-clean: clear +0.022 [+0.015,+0.029] nodir -0.014 [-0.018,-0.010] cont -0.014 [-0.023,-0.005] signed -0.052 [-0.089,-0.017]
r2s  w2023 Q1 n   56918 | 0.750 [0.746,0.756] | 0.128 [0.125,0.131] | 1.496 | 0.494 [0.486,0.501] | -0.026 [-0.058,+0.011]
r2s  w2023 Q2 n   36955 | 0.728 [0.722,0.734] | 0.138 [0.133,0.142] | 1.371 | 0.496 [0.488,0.505] | -0.006 [-0.042,+0.032]
r2s  w2023 Q3 n   44497 | 0.738 [0.732,0.743] | 0.134 [0.131,0.138] | 1.345 | 0.495 [0.488,0.503] | -0.015 [-0.045,+0.015]
r2s  w2023 Q4 n   56790 | 0.733 [0.728,0.738] | 0.137 [0.134,0.140] | 1.302 | 0.504 [0.498,0.511] | -0.005 [-0.031,+0.022]
r2s  w2023 Q5 n   51615 | 0.721 [0.716,0.726] | 0.142 [0.138,0.145] | 1.234 | 0.498 [0.490,0.505] | -0.006 [-0.035,+0.021]
r2s  w2023 chop-clean: clear +0.029 [+0.023,+0.037] nodir -0.013 [-0.018,-0.008] cont -0.004 [-0.015,+0.007] signed -0.020 [-0.064,+0.028]

== H1 chop minus clean P(clear), all instruments / TF / N (dev | 2023+)
M5 er   WTICO_USD  N3 -0.012 [-0.019,-0.006] | -0.002 [-0.010,+0.005]  N6 -0.005 [-0.011,+0.001] | +0.005 [-0.002,+0.012]  N12 +0.006 [-0.000,+0.012] | +0.012 [+0.005,+0.020]
M5 er   XAU_USD    N3 -0.025 [-0.032,-0.018] | -0.022 [-0.029,-0.016]  N6 -0.014 [-0.020,-0.008] | -0.006 [-0.013,+0.001]  N12 -0.003 [-0.009,+0.003] | +0.003 [-0.003,+0.010]
M5 er   XAG_USD    N3 -0.022 [-0.029,-0.016] | -0.016 [-0.023,-0.010]  N6 -0.011 [-0.018,-0.004] | -0.006 [-0.014,+0.001]  N12 +0.000 [-0.005,+0.006] | -0.002 [-0.007,+0.004]
M5 er   EUR_USD    N3 -0.017 [-0.023,-0.011] | -0.019 [-0.025,-0.013]  N6 -0.004 [-0.011,+0.001] | -0.009 [-0.014,-0.001]  N12 -0.001 [-0.007,+0.005] | -0.009 [-0.015,-0.003]
M5 er   SPX500_USD N3 -0.011 [-0.017,-0.005] | +0.002 [-0.005,+0.009]  N6 +0.000 [-0.005,+0.007] | +0.002 [-0.005,+0.009]  N12 +0.000 [-0.006,+0.006] | -0.003 [-0.010,+0.003]
M5 er   NATGAS_USD N3 -0.018 [-0.026,-0.011] | -0.010 [-0.018,-0.002]  N6 -0.012 [-0.019,-0.005] | +0.001 [-0.007,+0.009]  N12 -0.004 [-0.011,+0.004] | -0.007 [-0.016,+0.002]
M5 wick WTICO_USD  N3 +0.007 [+0.001,+0.014] | +0.015 [+0.007,+0.022]  N6 +0.003 [-0.004,+0.010] | +0.009 [+0.002,+0.017]  N12 +0.001 [-0.006,+0.007] | -0.001 [-0.008,+0.006]
M5 wick XAU_USD    N3 -0.028 [-0.038,-0.017] | +0.014 [+0.006,+0.022]  N6 -0.021 [-0.031,-0.012] | +0.014 [+0.007,+0.023]  N12 -0.017 [-0.026,-0.009] | +0.013 [+0.005,+0.020]
M5 wick XAG_USD    N3 -0.024 [-0.030,-0.017] | -0.001 [-0.011,+0.008]  N6 -0.021 [-0.028,-0.014] | +0.003 [-0.007,+0.013]  N12 -0.024 [-0.032,-0.016] | +0.004 [-0.006,+0.013]
M5 wick EUR_USD    N3 -0.007 [-0.013,+0.000] | +0.009 [+0.002,+0.016]  N6 -0.009 [-0.016,-0.003] | +0.011 [+0.003,+0.018]  N12 -0.002 [-0.009,+0.005] | +0.007 [-0.000,+0.014]
M5 wick SPX500_USD N3 +0.004 [-0.002,+0.010] | +0.007 [-0.000,+0.014]  N6 +0.000 [-0.006,+0.007] | +0.005 [-0.002,+0.013]  N12 +0.001 [-0.005,+0.007] | +0.003 [-0.004,+0.010]
M5 wick NATGAS_USD N3 -0.040 [-0.049,-0.031] | -0.035 [-0.045,-0.024]  N6 -0.035 [-0.043,-0.026] | -0.031 [-0.041,-0.020]  N12 -0.027 [-0.035,-0.019] | -0.029 [-0.038,-0.019]
M5 r2s  WTICO_USD  N3 +0.012 [+0.006,+0.019] | +0.022 [+0.015,+0.028]  N6 +0.022 [+0.015,+0.029] | +0.029 [+0.023,+0.037]  N12 +0.038 [+0.031,+0.046] | +0.040 [+0.033,+0.048]
M5 r2s  XAU_USD    N3 +0.023 [+0.011,+0.036] | +0.040 [+0.028,+0.053]  N6 +0.030 [+0.017,+0.042] | +0.041 [+0.027,+0.054]  N12 +0.034 [+0.024,+0.046] | +0.059 [+0.046,+0.072]
M5 r2s  XAG_USD    N3 +0.080 [+0.072,+0.087] | +0.067 [+0.052,+0.081]  N6 +0.075 [+0.068,+0.083] | +0.069 [+0.055,+0.083]  N12 +0.078 [+0.071,+0.087] | +0.083 [+0.070,+0.095]
M5 r2s  EUR_USD    N3 +0.007 [+0.000,+0.013] | +0.020 [+0.011,+0.030]  N6 +0.015 [+0.009,+0.023] | +0.016 [+0.007,+0.025]  N12 +0.022 [+0.016,+0.029] | +0.028 [+0.018,+0.038]
M5 r2s  SPX500_USD N3 +0.025 [+0.017,+0.032] | +0.058 [+0.051,+0.064]  N6 +0.023 [+0.016,+0.030] | +0.052 [+0.044,+0.060]  N12 +0.017 [+0.010,+0.024] | +0.040 [+0.033,+0.048]
M5 r2s  NATGAS_USD N3 +0.073 [+0.065,+0.081] | +0.060 [+0.050,+0.071]  N6 +0.073 [+0.064,+0.080] | +0.073 [+0.063,+0.084]  N12 +0.062 [+0.052,+0.071] | +0.083 [+0.072,+0.095]
M1 er   WTICO_USD  N3 -0.011 [-0.014,-0.008] | -0.013 [-0.017,-0.010]  N6 -0.001 [-0.004,+0.003] | -0.007 [-0.010,-0.003]  N12 +0.006 [+0.003,+0.008] | +0.002 [-0.001,+0.005]
M1 er   XAU_USD    N3 -0.021 [-0.025,-0.018] | -0.028 [-0.031,-0.025]  N6 -0.013 [-0.016,-0.010] | -0.016 [-0.020,-0.013]  N12 -0.002 [-0.005,+0.000] | -0.012 [-0.015,-0.009]
M1 er   XAG_USD    N3 -0.021 [-0.024,-0.017] | -0.021 [-0.024,-0.018]  N6 -0.013 [-0.016,-0.009] | -0.013 [-0.016,-0.010]  N12 -0.007 [-0.010,-0.003] | -0.009 [-0.012,-0.006]
M1 er   EUR_USD    N3 -0.014 [-0.016,-0.011] | -0.013 [-0.016,-0.010]  N6 -0.010 [-0.013,-0.007] | -0.008 [-0.011,-0.006]  N12 -0.003 [-0.005,+0.000] | -0.006 [-0.009,-0.003]
M1 er   SPX500_USD N3 -0.003 [-0.007,+0.000] | -0.006 [-0.010,-0.003]  N6 +0.005 [+0.002,+0.008] | +0.000 [-0.003,+0.003]  N12 +0.010 [+0.007,+0.013] | +0.002 [-0.001,+0.005]
M1 er   NATGAS_USD N3 -0.021 [-0.027,-0.016] | -0.009 [-0.016,-0.002]  N6 -0.008 [-0.014,-0.004] | -0.003 [-0.010,+0.003]  N12 +0.006 [+0.001,+0.011] | -0.003 [-0.009,+0.004]
M1 wick WTICO_USD  N3 -0.008 [-0.011,-0.004] | +0.013 [+0.010,+0.016]  N6 -0.002 [-0.005,+0.002] | +0.011 [+0.007,+0.015]  N12 -0.000 [-0.003,+0.003] | +0.006 [+0.003,+0.009]
M1 wick XAU_USD    N3 -0.052 [-0.064,-0.041] | -0.001 [-0.005,+0.004]  N6 -0.040 [-0.050,-0.031] | +0.003 [-0.001,+0.008]  N12 -0.031 [-0.039,-0.023] | +0.004 [-0.000,+0.007]
M1 wick XAG_USD    N3 -0.031 [-0.035,-0.027] | -0.022 [-0.026,-0.017]  N6 -0.027 [-0.031,-0.023] | -0.014 [-0.019,-0.010]  N12 -0.019 [-0.023,-0.015] | -0.009 [-0.013,-0.005]
M1 wick EUR_USD    N3 -0.002 [-0.006,+0.001] | +0.005 [+0.001,+0.009]  N6 -0.001 [-0.004,+0.002] | +0.006 [+0.003,+0.010]  N12 +0.002 [-0.001,+0.005] | +0.009 [+0.006,+0.012]
M1 wick SPX500_USD N3 +0.001 [-0.002,+0.004] | -0.009 [-0.012,-0.006]  N6 +0.002 [-0.001,+0.006] | -0.003 [-0.007,+0.000]  N12 +0.003 [-0.000,+0.006] | -0.000 [-0.004,+0.003]
M1 wick NATGAS_USD N3 -0.030 [-0.035,-0.024] | -0.023 [-0.030,-0.015]  N6 -0.028 [-0.034,-0.023] | -0.010 [-0.017,-0.002]  N12 -0.018 [-0.024,-0.012] | -0.009 [-0.017,-0.001]
M1 r2s  WTICO_USD  N3 +0.032 [+0.027,+0.036] | +0.043 [+0.039,+0.047]  N6 +0.030 [+0.026,+0.034] | +0.032 [+0.027,+0.036]  N12 +0.031 [+0.027,+0.034] | +0.027 [+0.023,+0.031]
M1 r2s  XAU_USD    N3 +0.035 [+0.021,+0.049] | +0.047 [+0.042,+0.051]  N6 +0.030 [+0.019,+0.043] | +0.036 [+0.031,+0.041]  N12 +0.029 [+0.020,+0.039] | +0.033 [+0.028,+0.037]
M1 r2s  XAG_USD    N3 +0.071 [+0.066,+0.076] | +0.057 [+0.052,+0.061]  N6 +0.063 [+0.058,+0.068] | +0.049 [+0.045,+0.053]  N12 +0.052 [+0.048,+0.058] | +0.043 [+0.039,+0.047]
M1 r2s  EUR_USD    N3 +0.042 [+0.038,+0.046] | +0.035 [+0.029,+0.040]  N6 +0.039 [+0.036,+0.043] | +0.029 [+0.025,+0.034]  N12 +0.036 [+0.032,+0.039] | +0.025 [+0.020,+0.030]
M1 r2s  SPX500_USD N3 +0.025 [+0.021,+0.029] | +0.071 [+0.067,+0.075]  N6 +0.020 [+0.016,+0.024] | +0.052 [+0.049,+0.056]  N12 +0.023 [+0.019,+0.026] | +0.039 [+0.035,+0.042]
M1 r2s  NATGAS_USD N3 +0.081 [+0.075,+0.088] | +0.085 [+0.076,+0.096]  N6 +0.077 [+0.070,+0.084] | +0.075 [+0.065,+0.086]  N12 +0.068 [+0.061,+0.074] | +0.064 [+0.054,+0.076]
M15 er   WTICO_USD  N3 -0.008 [-0.019,+0.003] | +0.004 [-0.009,+0.017]  N6 +0.002 [-0.010,+0.015] | -0.002 [-0.016,+0.011]  N12 +0.009 [-0.001,+0.021] | +0.005 [-0.008,+0.019]
M15 er   XAU_USD    N3 -0.018 [-0.030,-0.006] | -0.021 [-0.033,-0.008]  N6 -0.007 [-0.018,+0.005] | -0.004 [-0.018,+0.009]  N12 +0.008 [-0.005,+0.020] | +0.002 [-0.012,+0.016]
M15 er   XAG_USD    N3 -0.016 [-0.027,-0.004] | -0.007 [-0.020,+0.005]  N6 -0.010 [-0.023,+0.002] | -0.004 [-0.017,+0.009]  N12 +0.005 [-0.006,+0.016] | +0.009 [-0.004,+0.021]
M15 er   EUR_USD    N3 -0.005 [-0.015,+0.005] | -0.012 [-0.024,-0.001]  N6 -0.001 [-0.011,+0.010] | +0.001 [-0.013,+0.014]  N12 +0.006 [-0.005,+0.016] | +0.011 [-0.001,+0.024]
M15 er   SPX500_USD N3 -0.002 [-0.012,+0.009] | -0.006 [-0.019,+0.007]  N6 +0.006 [-0.005,+0.017] | -0.007 [-0.018,+0.006]  N12 +0.011 [-0.000,+0.022] | -0.006 [-0.017,+0.007]
M15 er   NATGAS_USD N3 -0.008 [-0.021,+0.005] | -0.003 [-0.016,+0.012]  N6 +0.006 [-0.007,+0.019] | -0.003 [-0.018,+0.012]  N12 +0.013 [+0.001,+0.025] | +0.018 [+0.006,+0.031]
M15 wick WTICO_USD  N3 +0.020 [+0.007,+0.033] | +0.030 [+0.015,+0.047]  N6 +0.019 [+0.007,+0.032] | +0.026 [+0.013,+0.040]  N12 +0.017 [+0.005,+0.030] | +0.013 [+0.001,+0.027]
M15 wick XAU_USD    N3 -0.023 [-0.038,-0.009] | +0.025 [+0.011,+0.039]  N6 -0.008 [-0.023,+0.005] | +0.032 [+0.018,+0.048]  N12 -0.004 [-0.018,+0.009] | +0.024 [+0.010,+0.038]
M15 wick XAG_USD    N3 -0.023 [-0.034,-0.011] | +0.022 [+0.007,+0.039]  N6 -0.021 [-0.032,-0.008] | +0.002 [-0.016,+0.019]  N12 -0.029 [-0.041,-0.017] | -0.002 [-0.017,+0.014]
M15 wick EUR_USD    N3 -0.003 [-0.014,+0.008] | +0.011 [-0.003,+0.024]  N6 +0.003 [-0.009,+0.014] | +0.007 [-0.006,+0.021]  N12 +0.010 [-0.002,+0.023] | +0.011 [-0.001,+0.025]
M15 wick SPX500_USD N3 +0.004 [-0.007,+0.016] | +0.008 [-0.005,+0.023]  N6 +0.011 [-0.001,+0.023] | +0.001 [-0.011,+0.015]  N12 +0.005 [-0.007,+0.017] | +0.011 [-0.001,+0.023]
M15 wick NATGAS_USD N3 -0.041 [-0.055,-0.028] | -0.035 [-0.049,-0.019]  N6 -0.040 [-0.053,-0.027] | -0.023 [-0.038,-0.007]  N12 -0.033 [-0.044,-0.020] | -0.027 [-0.042,-0.012]
M15 r2s  WTICO_USD  N3 +0.030 [+0.019,+0.041] | +0.029 [+0.017,+0.040]  N6 +0.034 [+0.022,+0.046] | +0.034 [+0.020,+0.048]  N12 +0.023 [+0.012,+0.035] | +0.049 [+0.036,+0.066]
M15 r2s  XAU_USD    N3 +0.044 [+0.028,+0.060] | +0.093 [+0.067,+0.120]  N6 +0.057 [+0.041,+0.073] | +0.082 [+0.045,+0.114]  N12 +0.083 [+0.065,+0.101] | +0.081 [+0.055,+0.105]
M15 r2s  XAG_USD    N3 +0.092 [+0.081,+0.104] | +0.120 [+0.070,+0.166]  N6 +0.105 [+0.092,+0.119] | +0.122 [+0.079,+0.162]  N12 +0.098 [+0.084,+0.112] | +0.106 [+0.060,+0.144]
M15 r2s  EUR_USD    N3 +0.029 [+0.019,+0.039] | +0.048 [+0.033,+0.065]  N6 +0.046 [+0.035,+0.057] | +0.063 [+0.046,+0.080]  N12 +0.065 [+0.055,+0.076] | +0.082 [+0.065,+0.100]
M15 r2s  SPX500_USD N3 +0.003 [-0.009,+0.015] | +0.027 [+0.013,+0.042]  N6 +0.007 [-0.006,+0.020] | +0.031 [+0.015,+0.047]  N12 +0.020 [+0.007,+0.032] | +0.038 [+0.023,+0.055]
M15 r2s  NATGAS_USD N3 +0.086 [+0.073,+0.100] | +0.084 [+0.069,+0.098]  N6 +0.080 [+0.066,+0.092] | +0.082 [+0.067,+0.097]  N12 +0.078 [+0.064,+0.092] | +0.071 [+0.055,+0.087]

== H1 chop quintile continuation (M5 N6): P(cont) chop / clean, signed cont chop (dev | 2023+)
er   WTICO_USD  dev cont 0.499/0.472 signed +0.007 [-0.009,+0.023] | w2023 cont 0.500/0.493 signed -0.011 [-0.028,+0.009]
er   XAU_USD    dev cont 0.497/0.470 signed +0.006 [-0.008,+0.021] | w2023 cont 0.500/0.488 signed +0.007 [-0.009,+0.023]
er   XAG_USD    dev cont 0.495/0.466 signed -0.007 [-0.023,+0.010] | w2023 cont 0.502/0.475 signed +0.009 [-0.008,+0.025]
er   EUR_USD    dev cont 0.497/0.473 signed +0.001 [-0.012,+0.014] | w2023 cont 0.496/0.481 signed -0.011 [-0.031,+0.006]
er   SPX500_USD dev cont 0.494/0.480 signed -0.011 [-0.026,+0.005] | w2023 cont 0.498/0.498 signed -0.002 [-0.020,+0.016]
er   NATGAS_USD dev cont 0.497/0.477 signed +0.009 [-0.012,+0.031] | w2023 cont 0.505/0.498 signed -0.002 [-0.030,+0.023]
wick WTICO_USD  dev cont 0.486/0.487 signed +0.008 [-0.017,+0.034] | w2023 cont 0.498/0.498 signed -0.022 [-0.057,+0.013]
wick XAU_USD    dev cont 0.488/0.486 signed -0.003 [-0.023,+0.017] | w2023 cont 0.493/0.493 signed -0.002 [-0.028,+0.024]
wick XAG_USD    dev cont 0.484/0.489 signed -0.007 [-0.032,+0.019] | w2023 cont 0.491/0.476 signed -0.019 [-0.042,+0.003]
wick EUR_USD    dev cont 0.490/0.483 signed -0.016 [-0.040,+0.006] | w2023 cont 0.482/0.487 signed -0.055 [-0.081,-0.031]
wick SPX500_USD dev cont 0.494/0.487 signed -0.000 [-0.028,+0.030] | w2023 cont 0.506/0.501 signed +0.010 [-0.020,+0.041]
wick NATGAS_USD dev cont 0.486/0.487 signed +0.016 [-0.019,+0.051] | w2023 cont 0.494/0.508 signed -0.020 [-0.065,+0.025]
r2s  WTICO_USD  dev cont 0.478/0.491 signed -0.035 [-0.062,-0.009] | w2023 cont 0.494/0.498 signed -0.026 [-0.058,+0.011]
r2s  XAU_USD    dev cont 0.484/0.487 signed -0.014 [-0.043,+0.014] | w2023 cont 0.497/0.491 signed +0.008 [-0.074,+0.094]
r2s  XAG_USD    dev cont 0.492/0.484 signed -0.016 [-0.054,+0.023] | w2023 cont 0.494/0.489 signed -0.079 [-0.184,+0.034]
r2s  EUR_USD    dev cont 0.484/0.487 signed -0.036 [-0.062,-0.010] | w2023 cont 0.482/0.501 signed -0.053 [-0.077,-0.029]
r2s  SPX500_USD dev cont 0.486/0.501 signed -0.012 [-0.044,+0.018] | w2023 cont 0.505/0.508 signed +0.028 [-0.016,+0.084]
r2s  NATGAS_USD dev cont 0.486/0.498 signed +0.018 [-0.042,+0.073] | w2023 cont 0.507/0.494 signed +0.075 [+0.008,+0.142]

== H2 M5: n (resolved) | P(race) vs null | race_d | P(counter) vs null | counter_d | sess | h12 | h48 | fade_net
WTICO_USD  L0.3 all       dev   n  2400 ( 2302) | 0.510 vs 0.498 | +0.012 [-0.007,+0.031] | 0.748 vs 0.661 | +0.087 [+0.074,+0.101] | +0.005 [-0.005,+0.014] | +0.002 [-0.004,+0.009] | +0.003 [-0.009,+0.015] | -0.026 [-0.036,-0.016]
WTICO_USD  L0.3 all       w2023 n  1824 ( 1762) | 0.499 vs 0.498 | +0.001 [-0.023,+0.025] | 0.765 vs 0.677 | +0.088 [+0.072,+0.104] | +0.001 [-0.010,+0.013] | +0.002 [-0.006,+0.010] | +0.002 [-0.011,+0.015] | -0.018 [-0.029,-0.007]
WTICO_USD  L0.3 hindsight dev   n   343 (  324) | 0.552 vs 0.494 | +0.059 [-0.001,+0.122] | 0.787 vs 0.633 | +0.154 [+0.126,+0.181] | -0.054 [-0.068,-0.040] | +0.004 [-0.015,+0.021] | -0.003 [-0.026,+0.020] | +0.031 [+0.016,+0.045]
WTICO_USD  L0.3 hindsight w2023 n   195 (  180) | 0.539 vs 0.500 | +0.039 [-0.036,+0.113] | 0.759 vs 0.633 | +0.126 [+0.085,+0.166] | -0.063 [-0.083,-0.041] | -0.010 [-0.030,+0.011] | -0.008 [-0.038,+0.024] | +0.046 [+0.024,+0.066]
WTICO_USD  L0.6 all       dev   n  1159 (  787) | 0.503 vs 0.496 | +0.007 [-0.028,+0.042] | 0.256 vs 0.183 | +0.074 [+0.054,+0.094] | -0.014 [-0.035,+0.006] | +0.003 [-0.011,+0.015] | -0.011 [-0.036,+0.012] | -0.008 [-0.029,+0.013]
WTICO_USD  L0.6 all       w2023 n   872 (  607) | 0.501 vs 0.499 | +0.002 [-0.035,+0.043] | 0.260 vs 0.208 | +0.052 [+0.031,+0.076] | +0.018 [-0.008,+0.042] | +0.006 [-0.010,+0.021] | +0.001 [-0.024,+0.025] | -0.034 [-0.059,-0.009]
WTICO_USD  L0.6 hindsight dev   n   136 (   91) | 0.824 vs 0.494 | +0.330 [+0.235,+0.410] | 0.316 vs 0.163 | +0.154 [+0.098,+0.214] | -0.226 [-0.253,-0.192] | -0.087 [-0.114,-0.059] | -0.163 [-0.206,-0.109] | +0.202 [+0.168,+0.230]
WTICO_USD  L0.6 hindsight w2023 n    72 (   46) | 0.674 vs 0.500 | +0.174 [+0.027,+0.338] | 0.278 vs 0.161 | +0.116 [+0.046,+0.190] | -0.160 [-0.201,-0.120] | -0.003 [-0.053,+0.043] | -0.119 [-0.182,-0.060] | +0.143 [+0.103,+0.184]
WTICO_USD  L1.0 all       dev   n   267 (  121) | 0.463 vs 0.506 | -0.043 [-0.139,+0.048] | 0.082 vs 0.074 | +0.008 [-0.014,+0.033] | -0.022 [-0.079,+0.039] | -0.021 [-0.056,+0.013] | -0.032 [-0.100,+0.035] | -0.001 [-0.063,+0.055]
WTICO_USD  L1.0 all       w2023 n   192 (   91) | 0.462 vs 0.508 | -0.046 [-0.151,+0.068] | 0.135 vs 0.124 | +0.011 [-0.018,+0.041] | +0.041 [-0.031,+0.109] | +0.015 [-0.025,+0.054] | +0.039 [-0.040,+0.110] | -0.058 [-0.127,+0.013]
XAU_USD    L0.3 all       dev   n  2381 ( 2298) | 0.498 vs 0.498 | +0.000 [-0.020,+0.019] | 0.737 vs 0.715 | +0.022 [+0.008,+0.037] | +0.004 [-0.006,+0.015] | -0.002 [-0.009,+0.006] | -0.002 [-0.013,+0.009] | -0.043 [-0.054,-0.033]
XAU_USD    L0.3 all       w2023 n  1804 ( 1738) | 0.507 vs 0.500 | +0.008 [-0.015,+0.031] | 0.747 vs 0.726 | +0.021 [+0.005,+0.038] | +0.005 [-0.007,+0.016] | +0.003 [-0.004,+0.010] | -0.003 [-0.015,+0.009] | -0.020 [-0.031,-0.009]
XAU_USD    L0.3 hindsight dev   n   862 (  823) | 0.516 vs 0.497 | +0.020 [-0.016,+0.054] | 0.731 vs 0.680 | +0.051 [+0.028,+0.073] | -0.057 [-0.066,-0.047] | +0.004 [-0.006,+0.015] | +0.005 [-0.010,+0.021] | +0.017 [+0.007,+0.027]
XAU_USD    L0.3 hindsight w2023 n   501 (  481) | 0.507 vs 0.498 | +0.009 [-0.033,+0.051] | 0.778 vs 0.688 | +0.090 [+0.059,+0.119] | -0.064 [-0.075,-0.052] | -0.002 [-0.014,+0.012] | -0.002 [-0.021,+0.017] | +0.048 [+0.035,+0.059]
XAU_USD    L0.6 all       dev   n  1006 (  697) | 0.499 vs 0.496 | +0.003 [-0.035,+0.039] | 0.249 vs 0.234 | +0.014 [-0.005,+0.033] | +0.012 [-0.013,+0.035] | +0.006 [-0.009,+0.021] | +0.006 [-0.019,+0.028] | -0.052 [-0.076,-0.027]
XAU_USD    L0.6 all       w2023 n   776 (  549) | 0.464 vs 0.497 | -0.033 [-0.073,+0.004] | 0.251 vs 0.261 | -0.009 [-0.035,+0.016] | +0.014 [-0.011,+0.043] | +0.001 [-0.015,+0.017] | -0.001 [-0.026,+0.023] | -0.031 [-0.060,-0.006]
XAU_USD    L0.6 hindsight dev   n   289 (  184) | 0.712 vs 0.495 | +0.217 [+0.146,+0.285] | 0.322 vs 0.214 | +0.108 [+0.071,+0.142] | -0.183 [-0.205,-0.162] | -0.041 [-0.065,-0.017] | -0.115 [-0.148,-0.080] | +0.142 [+0.119,+0.164]
XAU_USD    L0.6 hindsight w2023 n   172 (  101) | 0.703 vs 0.496 | +0.207 [+0.112,+0.293] | 0.285 vs 0.173 | +0.112 [+0.055,+0.162] | -0.177 [-0.202,-0.149] | -0.050 [-0.081,-0.022] | -0.120 [-0.156,-0.079] | +0.159 [+0.131,+0.184]
XAU_USD    L1.0 all       dev   n   256 (  114) | 0.447 vs 0.497 | -0.049 [-0.158,+0.050] | 0.117 vs 0.112 | +0.005 [-0.023,+0.035] | +0.027 [-0.030,+0.088] | +0.034 [-0.006,+0.075] | +0.033 [-0.031,+0.105] | -0.068 [-0.129,-0.010]
XAU_USD    L1.0 all       w2023 n   185 (   97) | 0.485 vs 0.502 | -0.017 [-0.123,+0.077] | 0.168 vs 0.149 | +0.018 [-0.017,+0.056] | +0.013 [-0.064,+0.092] | +0.024 [-0.022,+0.070] | +0.048 [-0.022,+0.119] | -0.032 [-0.110,+0.045]
XAU_USD    L1.0 hindsight dev   n    37 (   18) | 0.889 vs 0.493 | +0.396 [+0.258,+0.519] | 0.216 vs 0.153 | +0.063 [-0.026,+0.143] | -0.318 [-0.388,-0.245] | -0.150 [-0.224,-0.072] | -0.250 [-0.357,-0.146] | +0.282 [+0.203,+0.352]
XAU_USD    L1.0 hindsight w2023 n    22 (   10) | 0.800 vs 0.508 | +0.292 [-0.034,+0.521] | 0.136 vs 0.089 | +0.047 [-0.077,+0.154] | -0.259 [-0.359,-0.144] | -0.067 [-0.193,+0.061] | -0.211 [-0.325,-0.094] | +0.239 [+0.124,+0.340]
XAG_USD    L0.3 all       dev   n  2408 ( 2321) | 0.511 vs 0.497 | +0.013 [-0.009,+0.035] | 0.759 vs 0.740 | +0.019 [+0.005,+0.032] | -0.004 [-0.013,+0.005] | -0.004 [-0.010,+0.003] | -0.003 [-0.015,+0.010] | -0.069 [-0.080,-0.058]
XAG_USD    L0.3 all       w2023 n  1834 ( 1768) | 0.516 vs 0.499 | +0.017 [-0.004,+0.038] | 0.771 vs 0.756 | +0.015 [+0.001,+0.030] | -0.005 [-0.015,+0.005] | +0.000 [-0.008,+0.009] | -0.003 [-0.015,+0.008] | -0.022 [-0.033,-0.013]
XAG_USD    L0.3 hindsight dev   n   456 (  428) | 0.556 vs 0.499 | +0.057 [+0.009,+0.105] | 0.715 vs 0.678 | +0.037 [+0.007,+0.065] | -0.065 [-0.076,-0.054] | -0.005 [-0.019,+0.008] | -0.009 [-0.032,+0.013] | -0.019 [-0.034,-0.004]
XAG_USD    L0.3 hindsight w2023 n   288 (  270) | 0.563 vs 0.495 | +0.068 [+0.007,+0.129] | 0.747 vs 0.676 | +0.071 [+0.040,+0.100] | -0.079 [-0.091,-0.067] | +0.001 [-0.017,+0.022] | -0.004 [-0.027,+0.020] | +0.049 [+0.036,+0.061]
XAG_USD    L0.6 all       dev   n  1063 (  729) | 0.520 vs 0.498 | +0.022 [-0.016,+0.056] | 0.264 vs 0.254 | +0.010 [-0.011,+0.030] | +0.008 [-0.014,+0.033] | -0.004 [-0.017,+0.010] | +0.006 [-0.016,+0.029] | -0.083 [-0.109,-0.058]
XAG_USD    L0.6 all       w2023 n   815 (  585) | 0.474 vs 0.500 | -0.027 [-0.069,+0.011] | 0.258 vs 0.265 | -0.007 [-0.029,+0.015] | +0.032 [+0.009,+0.059] | +0.011 [-0.006,+0.030] | +0.021 [-0.005,+0.049] | -0.061 [-0.089,-0.037]
XAG_USD    L0.6 hindsight dev   n   143 (   93) | 0.785 vs 0.493 | +0.292 [+0.205,+0.376] | 0.287 vs 0.211 | +0.076 [+0.022,+0.126] | -0.212 [-0.236,-0.185] | -0.072 [-0.100,-0.042] | -0.154 [-0.199,-0.112] | +0.122 [+0.090,+0.151]
XAG_USD    L0.6 hindsight w2023 n    83 (   50) | 0.780 vs 0.501 | +0.279 [+0.144,+0.408] | 0.241 vs 0.198 | +0.043 [-0.013,+0.099] | -0.186 [-0.219,-0.148] | -0.062 [-0.109,-0.006] | -0.120 [-0.174,-0.063] | +0.154 [+0.117,+0.187]
XAG_USD    L1.0 all       dev   n   260 (  125) | 0.472 vs 0.503 | -0.031 [-0.113,+0.051] | 0.115 vs 0.131 | -0.016 [-0.043,+0.010] | +0.008 [-0.053,+0.068] | +0.009 [-0.024,+0.042] | +0.008 [-0.054,+0.067] | -0.095 [-0.156,-0.031]
XAG_USD    L1.0 all       w2023 n   210 (  103) | 0.466 vs 0.487 | -0.021 [-0.108,+0.071] | 0.110 vs 0.109 | +0.001 [-0.040,+0.038] | +0.035 [-0.032,+0.110] | +0.038 [-0.007,+0.084] | +0.020 [-0.038,+0.079] | -0.067 [-0.141,+0.001]
EUR_USD    L0.3 all       dev   n  2420 ( 2339) | 0.520 vs 0.501 | +0.020 [+0.000,+0.041] | 0.758 vs 0.743 | +0.015 [+0.002,+0.029] | -0.011 [-0.019,-0.003] | -0.011 [-0.017,-0.004] | -0.005 [-0.016,+0.006] | -0.028 [-0.037,-0.020]
EUR_USD    L0.3 all       w2023 n  1822 ( 1756) | 0.503 vs 0.499 | +0.003 [-0.021,+0.027] | 0.750 vs 0.717 | +0.033 [+0.017,+0.048] | +0.002 [-0.010,+0.014] | -0.007 [-0.014,+0.001] | -0.000 [-0.012,+0.012] | -0.036 [-0.048,-0.024]
EUR_USD    L0.3 hindsight dev   n  1360 ( 1300) | 0.532 vs 0.500 | +0.031 [+0.004,+0.059] | 0.766 vs 0.715 | +0.051 [+0.035,+0.066] | -0.056 [-0.064,-0.048] | -0.014 [-0.022,-0.005] | -0.009 [-0.021,+0.004] | +0.015 [+0.007,+0.022]
EUR_USD    L0.3 hindsight w2023 n  1043 ( 1001) | 0.524 vs 0.498 | +0.027 [-0.003,+0.057] | 0.757 vs 0.697 | +0.060 [+0.040,+0.081] | -0.047 [-0.055,-0.038] | -0.010 [-0.019,-0.002] | -0.005 [-0.018,+0.007] | +0.012 [+0.004,+0.022]
EUR_USD    L0.6 all       dev   n  1150 (  803) | 0.499 vs 0.497 | +0.002 [-0.030,+0.033] | 0.247 vs 0.235 | +0.012 [-0.009,+0.032] | -0.018 [-0.037,-0.001] | -0.010 [-0.023,+0.002] | -0.008 [-0.026,+0.010] | -0.023 [-0.040,-0.004]
EUR_USD    L0.6 all       w2023 n   842 (  598) | 0.498 vs 0.499 | -0.000 [-0.038,+0.038] | 0.274 vs 0.237 | +0.037 [+0.016,+0.060] | -0.006 [-0.034,+0.020] | -0.000 [-0.017,+0.016] | +0.003 [-0.025,+0.026] | -0.029 [-0.054,-0.001]
EUR_USD    L0.6 hindsight dev   n   552 (  355) | 0.701 vs 0.497 | +0.204 [+0.155,+0.253] | 0.286 vs 0.219 | +0.067 [+0.040,+0.097] | -0.161 [-0.176,-0.147] | -0.046 [-0.062,-0.029] | -0.105 [-0.123,-0.085] | +0.118 [+0.103,+0.133]
EUR_USD    L0.6 hindsight w2023 n   404 (  265) | 0.664 vs 0.500 | +0.165 [+0.109,+0.219] | 0.327 vs 0.219 | +0.108 [+0.074,+0.143] | -0.168 [-0.191,-0.150] | -0.047 [-0.066,-0.028] | -0.110 [-0.138,-0.084] | +0.133 [+0.114,+0.154]
EUR_USD    L1.0 all       dev   n   232 (   95) | 0.484 vs 0.504 | -0.020 [-0.121,+0.079] | 0.112 vs 0.081 | +0.031 [-0.000,+0.066] | -0.015 [-0.072,+0.044] | +0.005 [-0.033,+0.043] | -0.013 [-0.063,+0.041] | -0.030 [-0.088,+0.027]
EUR_USD    L1.0 all       w2023 n   204 (   95) | 0.484 vs 0.495 | -0.011 [-0.123,+0.092] | 0.078 vs 0.093 | -0.014 [-0.049,+0.026] | +0.067 [-0.008,+0.148] | +0.001 [-0.038,+0.035] | +0.027 [-0.042,+0.103] | -0.101 [-0.182,-0.027]
EUR_USD    L1.0 hindsight dev   n    63 (   31) | 0.742 vs 0.498 | +0.244 [+0.117,+0.383] | 0.238 vs 0.094 | +0.144 [+0.064,+0.223] | -0.311 [-0.379,-0.231] | -0.102 [-0.166,-0.038] | -0.212 [-0.292,-0.115] | +0.255 [+0.175,+0.326]
EUR_USD    L1.0 hindsight w2023 n    44 (   15) | 0.733 vs 0.502 | +0.231 [-0.005,+0.441] | 0.068 vs 0.063 | +0.006 [-0.055,+0.082] | -0.275 [-0.364,-0.180] | -0.146 [-0.206,-0.091] | -0.228 [-0.314,-0.142] | +0.238 [+0.143,+0.329]
SPX500_USD L0.3 all       dev   n  2237 ( 2130) | 0.492 vs 0.499 | -0.007 [-0.028,+0.014] | 0.734 vs 0.641 | +0.094 [+0.078,+0.108] | +0.007 [-0.004,+0.017] | +0.002 [-0.005,+0.009] | +0.013 [+0.001,+0.026] | -0.019 [-0.029,-0.008]
SPX500_USD L0.3 all       w2023 n  1713 ( 1626) | 0.480 vs 0.498 | -0.017 [-0.038,+0.006] | 0.723 vs 0.593 | +0.130 [+0.114,+0.148] | +0.009 [-0.003,+0.021] | +0.006 [-0.002,+0.014] | +0.013 [-0.001,+0.026] | -0.017 [-0.029,-0.005]
SPX500_USD L0.3 hindsight dev   n   664 (  618) | 0.544 vs 0.496 | +0.048 [+0.006,+0.086] | 0.720 vs 0.566 | +0.154 [+0.125,+0.179] | -0.065 [-0.073,-0.054] | -0.003 [-0.013,+0.008] | -0.010 [-0.027,+0.009] | +0.050 [+0.040,+0.059]
SPX500_USD L0.3 hindsight w2023 n   561 (  515) | 0.526 vs 0.496 | +0.030 [-0.013,+0.068] | 0.736 vs 0.551 | +0.185 [+0.158,+0.215] | -0.053 [-0.064,-0.040] | -0.004 [-0.019,+0.012] | -0.005 [-0.025,+0.015] | +0.045 [+0.032,+0.056]
SPX500_USD L0.6 all       dev   n  1076 (  825) | 0.505 vs 0.498 | +0.008 [-0.023,+0.037] | 0.356 vs 0.244 | +0.112 [+0.090,+0.135] | +0.015 [-0.007,+0.040] | -0.008 [-0.024,+0.006] | -0.006 [-0.033,+0.022] | -0.028 [-0.053,-0.006]
SPX500_USD L0.6 all       w2023 n   906 (  658) | 0.506 vs 0.503 | +0.003 [-0.033,+0.039] | 0.309 vs 0.178 | +0.131 [+0.108,+0.155] | -0.010 [-0.031,+0.011] | +0.005 [-0.011,+0.022] | -0.004 [-0.035,+0.029] | +0.003 [-0.019,+0.024]
SPX500_USD L0.6 hindsight dev   n   227 (  159) | 0.736 vs 0.494 | +0.242 [+0.173,+0.310] | 0.379 vs 0.179 | +0.200 [+0.158,+0.235] | -0.200 [-0.225,-0.174] | -0.071 [-0.103,-0.039] | -0.169 [-0.211,-0.122] | +0.185 [+0.158,+0.210]
SPX500_USD L0.6 hindsight w2023 n   242 (  165) | 0.709 vs 0.503 | +0.206 [+0.137,+0.274] | 0.335 vs 0.136 | +0.198 [+0.155,+0.240] | -0.178 [-0.202,-0.154] | -0.043 [-0.072,-0.016] | -0.141 [-0.185,-0.092] | +0.171 [+0.146,+0.193]
SPX500_USD L1.0 all       dev   n   338 (  196) | 0.429 vs 0.512 | -0.084 [-0.157,-0.010] | 0.183 vs 0.127 | +0.057 [+0.027,+0.090] | +0.026 [-0.033,+0.087] | +0.024 [-0.018,+0.070] | +0.017 [-0.057,+0.090] | -0.039 [-0.100,+0.021]
SPX500_USD L1.0 all       w2023 n   242 (  123) | 0.561 vs 0.514 | +0.047 [-0.028,+0.130] | 0.145 vs 0.064 | +0.081 [+0.043,+0.119] | +0.016 [-0.050,+0.090] | +0.022 [-0.018,+0.063] | -0.023 [-0.102,+0.066] | -0.024 [-0.098,+0.042]
SPX500_USD L1.0 hindsight dev   n    37 (   22) | 0.818 vs 0.489 | +0.329 [+0.085,+0.534] | 0.189 vs 0.052 | +0.138 [+0.044,+0.224] | -0.328 [-0.410,-0.238] | -0.137 [-0.245,-0.042] | -0.329 [-0.526,-0.107] | +0.313 [+0.225,+0.393]
SPX500_USD L1.0 hindsight w2023 n    40 (   21) | 0.952 vs 0.533 | +0.419 [+0.306,+0.494] | 0.150 vs 0.031 | +0.119 [+0.028,+0.215] | -0.349 [-0.448,-0.248] | -0.136 [-0.230,-0.048] | -0.328 [-0.499,-0.128] | +0.340 [+0.240,+0.438]
NATGAS_USD L0.3 all       dev   n  2404 ( 2308) | 0.506 vs 0.500 | +0.006 [-0.015,+0.026] | 0.714 vs 0.663 | +0.051 [+0.037,+0.066] | +0.011 [-0.000,+0.021] | +0.003 [-0.006,+0.011] | +0.018 [+0.000,+0.036] | -0.098 [-0.109,-0.087]
NATGAS_USD L0.3 all       w2023 n  1835 ( 1781) | 0.521 vs 0.500 | +0.021 [-0.002,+0.039] | 0.754 vs 0.670 | +0.084 [+0.068,+0.100] | -0.006 [-0.016,+0.005] | -0.003 [-0.012,+0.006] | +0.001 [-0.016,+0.020] | -0.061 [-0.073,-0.051]
NATGAS_USD L0.3 hindsight dev   n   202 (  189) | 0.513 vs 0.501 | +0.013 [-0.058,+0.089] | 0.723 vs 0.659 | +0.063 [+0.023,+0.107] | -0.058 [-0.076,-0.037] | +0.003 [-0.024,+0.029] | +0.009 [-0.039,+0.060] | -0.047 [-0.068,-0.027]
NATGAS_USD L0.3 hindsight w2023 n   122 (  115) | 0.478 vs 0.502 | -0.023 [-0.116,+0.078] | 0.762 vs 0.622 | +0.140 [+0.081,+0.201] | -0.053 [-0.082,-0.022] | -0.004 [-0.037,+0.028] | -0.017 [-0.084,+0.060] | -0.015 [-0.048,+0.016]
NATGAS_USD L0.6 all       dev   n  1188 (  812) | 0.467 vs 0.500 | -0.033 [-0.065,-0.001] | 0.205 vs 0.190 | +0.014 [-0.004,+0.036] | +0.024 [+0.003,+0.046] | +0.021 [+0.007,+0.035] | +0.047 [+0.018,+0.076] | -0.113 [-0.136,-0.092]
NATGAS_USD L0.6 all       w2023 n   921 (  662) | 0.476 vs 0.501 | -0.025 [-0.063,+0.006] | 0.228 vs 0.174 | +0.054 [+0.031,+0.076] | +0.020 [-0.002,+0.047] | -0.004 [-0.018,+0.012] | +0.022 [-0.009,+0.054] | -0.089 [-0.116,-0.067]
NATGAS_USD L0.6 hindsight dev   n    85 (   50) | 0.740 vs 0.502 | +0.238 [+0.138,+0.351] | 0.271 vs 0.184 | +0.087 [+0.020,+0.157] | -0.194 [-0.218,-0.166] | -0.053 [-0.103,-0.000] | -0.128 [-0.206,-0.052] | +0.088 [+0.059,+0.114]
NATGAS_USD L0.6 hindsight w2023 n    49 (   30) | 0.733 vs 0.497 | +0.236 [+0.084,+0.397] | 0.265 vs 0.122 | +0.144 [+0.039,+0.235] | -0.190 [-0.240,-0.135] | -0.043 [-0.093,+0.013] | -0.156 [-0.255,-0.038] | +0.117 [+0.063,+0.169]
NATGAS_USD L1.0 all       dev   n   296 (   97) | 0.433 vs 0.503 | -0.070 [-0.166,+0.022] | 0.081 vs 0.063 | +0.018 [-0.007,+0.046] | +0.000 [-0.056,+0.064] | +0.025 [-0.006,+0.058] | +0.021 [-0.048,+0.093] | -0.091 [-0.155,-0.035]
NATGAS_USD L1.0 all       w2023 n   199 (   75) | 0.387 vs 0.497 | -0.110 [-0.218,-0.004] | 0.080 vs 0.058 | +0.023 [-0.005,+0.052] | +0.064 [+0.001,+0.132] | +0.036 [+0.005,+0.067] | +0.092 [+0.011,+0.169] | -0.135 [-0.202,-0.073]
