# lean22 track record (development evidence; descriptive; nothing qualified)

## window w2023
| cell | n | hit [CI] | pos | meanR | long | ST | 0-1 | 1-2 | 2-3 | 3-5 | >=5 | mono | grey<pp |
|---|---|---|---|---|---|---|---|---|---|---|---|---|---|
| SPX500_USD_M5_H12_up | 88800 | 52.1 [51.5,52.6] | 48.0 | -0.128 | 52.0 | 49.6 | 50.1 (12351) | 51.5 (12722) | 52.2 (13157) | 52.4 (24709) | 52.9 (25861) | True | 1 |
| XAG_USD_M5_H12_up | 89005 | 51.7 [51.2,52.2] | 40.9 | -0.362 | 51.9 | 48.3 | 50.2 (15940) | 50.5 (14764) | 50.5 (14019) | 52.4 (22052) | 53.7 (22230) | False | 3 |
| EUR_USD_M15_H12_up | 93764 | 51.6 [50.8,52.3] | 44.7 | -0.186 | 50.5 | 49.6 | 50.0 (17360) | 50.1 (16429) | 51.2 (14622) | 52.1 (22194) | 53.5 (23159) | True | 2 |
| EUR_USD_M5_H48_up | 93734 | 51.5 [50.6,52.3] | 45.7 | -0.367 | 50.5 | 49.6 | 50.1 (18341) | 50.7 (17314) | 50.6 (14917) | 51.6 (21693) | 53.8 (21469) | False | 3 |
| XAU_USD_M1_H48_up | 266786 | 51.3 [51.0,51.7] | 45.7 | -0.369 | 51.5 | 49.0 | 50.8 (77150) | 51.0 (45823) | 50.9 (39455) | 51.5 (60194) | 52.6 (44164) | False | 0 |
| EUR_USD_M5_H12_up | 93746 | 51.3 [50.8,51.8] | 39.0 | -0.385 | 50.3 | 49.3 | 49.7 (18056) | 50.7 (17956) | 50.7 (16313) | 52.0 (24996) | 53.2 (16425) | True | 3 |
| XAU_USD_M1_H12_up | 266793 | 51.3 [51.0,51.6] | 40.1 | -0.426 | 50.7 | 49.2 | 50.6 (63554) | 50.8 (38404) | 50.8 (47334) | 51.5 (66709) | 52.7 (50792) | True | 0 |
| EUR_USD_M1_H12_up | 279145 | 50.8 [50.6,51.1] | 28.4 | -1.034 | 49.9 | 48.8 | 49.9 (77647) | 50.3 (49264) | 51.1 (49519) | 51.1 (66055) | 52.5 (36660) | True | 2 |
| WTICO_USD_M5_H12_up | 88923 | 50.4 [49.9,50.9] | 41.9 | -0.296 | 50.5 | 49.4 | 50.3 (22701) | 50.2 (20760) | 50.1 (16976) | 50.2 (20420) | 52.2 (8066) | False | 5 |
| WTICO_USD_M1_H48_up | 259722 | 50.3 [49.9,50.7] | 41.5 | -0.757 | 50.3 | 49.4 | 50.5 (103413) | 49.6 (40370) | 49.9 (38163) | 49.6 (41732) | 51.5 (36044) | False | 5 |
| SPX500_USD_M1_H12_up | 256376 | 50.2 [49.9,50.5] | 41.5 | -0.358 | 50.1 | 48.6 | 49.0 (81351) | 50.2 (36748) | 50.8 (35715) | 50.7 (59843) | 51.3 (42719) | False | 2 |
| NATGAS_USD_M5_H12_up | 80955 | 49.5 [49.0,50.1] | 28.7 | -0.964 | 48.9 | 48.8 | 49.3 (28415) | 49.8 (23164) | 49.4 (14537) | 49.8 (12231) | 49.7 (2608) | False | None |
| WTICO_USD_M1_H12_up | 259729 | 49.5 [49.2,49.8] | 33.0 | -0.766 | 49.3 | 48.6 | 48.7 (98105) | 49.5 (44257) | 49.6 (42700) | 50.3 (47173) | 50.9 (27494) | True | 5 |
| NATGAS_USD_M1_H12_up | 174820 | 48.7 [48.4,49.0] | 20.2 | -1.857 | 48.2 | 47.9 | 48.3 (109177) | 49.4 (26990) | 49.6 (20896) | 49.2 (15308) | 49.4 (2449) | False | None |
| XAU_USD_M5_H12_plan | 89070 | 45.4 [45.0,45.9] | 29.5 | -0.160 | 45.4 | 44.8 | 44.2 (19561) | 45.1 (18627) | 45.4 (16794) | 45.6 (22567) | 47.5 (11521) | True | None |
| SPX500_USD_M5_H48_plan | 88792 | 44.6 [44.1,45.2] | 19.5 | -0.127 | 44.5 | 44.7 | 42.9 (19861) | 43.5 (19732) | 44.7 (17876) | 46.3 (22389) | 46.7 (8934) | True | None |
| WTICO_USD_M15_H48_plan | 89001 | 44.6 [43.6,45.4] | 19.5 | -0.128 | 44.2 | 43.6 | 44.9 (27983) | 44.0 (22723) | 44.4 (14470) | 45.0 (14557) | 44.4 (9268) | False | None |
| XAU_USD_M5_H48_plan | 89066 | 43.0 [42.4,43.5] | 17.9 | -0.161 | 43.0 | 42.8 | 42.5 (30823) | 42.6 (24246) | 42.4 (15883) | 43.7 (13663) | 47.9 (4451) | False | None |
| EUR_USD_M15_H48_plan | 93756 | 41.5 [40.6,42.3] | 17.4 | -0.218 | 40.6 | 39.7 | 39.5 (25145) | 41.4 (21433) | 40.7 (17112) | 41.8 (19481) | 46.8 (10585) | False | None |
| XAG_USD_M15_H48_plan | 89039 | 41.2 [40.4,42.2] | 16.7 | -0.201 | 41.3 | 40.0 | 41.5 (26954) | 40.4 (22511) | 40.6 (16779) | 41.7 (17312) | 44.2 (5483) | False | None |
| WTICO_USD_M5_H12_plan | 88923 | 40.1 [39.5,40.8] | 24.4 | -0.291 | 39.7 | 39.2 | 34.4 (30953) | 39.6 (22176) | 43.5 (15024) | 45.8 (14889) | 49.0 (5881) | True | None |
| SPX500_USD_M1_H12_plan | 256376 | 39.9 [39.4,40.3] | 22.1 | -0.350 | 39.8 | 39.3 | 37.6 (116791) | 40.5 (35520) | 40.5 (32633) | 41.9 (51552) | 45.7 (19880) | False | None |
| SPX500_USD_M1_H48_plan | 256374 | 38.1 [37.7,38.5] | 13.9 | -0.356 | 38.1 | 37.7 | 36.3 (139539) | 38.8 (60366) | 40.2 (28616) | 42.9 (22079) | 46.2 (5774) | True | None |
| WTICO_USD_M5_H48_plan | 88918 | 36.9 [36.2,37.6] | 15.6 | -0.290 | 36.9 | 36.9 | 33.1 (45278) | 39.1 (22982) | 40.9 (10083) | 43.6 (7390) | 45.9 (3185) | True | None |
| XAU_USD_M1_H12_plan | 266794 | 34.2 [33.4,35.1] | 20.7 | -0.415 | 33.7 | 33.7 | 30.2 (90504) | 34.1 (53852) | 35.3 (50474) | 37.6 (54252) | 42.0 (17712) | True | None |
| EUR_USD_M5_H48_plan | 93741 | 32.7 [32.0,33.4] | 13.0 | -0.430 | 31.6 | 31.4 | 27.8 (39086) | 33.5 (26252) | 36.5 (16173) | 40.3 (10651) | 47.5 (1579) | True | None |
| XAU_USD_M1_H48_plan | 266793 | 31.2 [30.4,32.0] | 12.3 | -0.412 | 30.8 | 30.9 | 29.1 (137382) | 32.1 (79005) | 34.3 (33507) | 37.2 (14307) | 44.1 (2592) | True | None |
| WTICO_USD_M1_H48_plan | 259731 | 23.8 [23.0,24.6] | 8.9 | -0.748 | 23.6 | 23.2 | 21.4 (198129) | 29.0 (41776) | 34.4 (14790) | 38.9 (3030) | 44.0 (2006) | True | None |
| XAG_USD_M1_H12_plan | 264001 | 17.4 [16.1,18.7] | 10.4 | -0.975 | 17.1 | 16.9 | 11.6 (161764) | 23.7 (39927) | 24.2 (27788) | 30.8 (28691) | 38.3 (5831) | True | None |
| XAG_USD_M1_H48_plan | 263999 | 15.5 [14.3,16.7] | 6.2 | -0.975 | 15.2 | 15.2 | 12.0 (194608) | 23.9 (43742) | 26.3 (18469) | 30.2 (6633) | 35.1 (547) | True | None |
| EUR_USD_M1_H12_plan | 279147 | 15.0 [14.3,15.8] | 8.9 | -1.049 | 14.7 | 14.6 | 8.9 (163210) | 19.7 (43939) | 23.0 (38040) | 27.6 (28401) | 37.0 (5557) | True | None |
| EUR_USD_M1_H48_plan | 279146 | 13.5 [12.8,14.2] | 5.3 | -1.050 | 13.2 | 13.1 | 10.2 (204666) | 20.4 (51200) | 25.1 (17316) | 29.8 (5381) | 41.2 (583) | True | None |

pooled_all w2023: all: hit 40.9 [40.7,41.1] long 40.6 ST 39.8 pos 25.7 n 5594965; 0-1: hit 38.9 [38.7,39.2] long 38.7 ST 38.6 pos 23.9 n 2415798; 1-2: hit 41.7 [41.5,42.0] long 41.3 ST 41.0 pos 25.8 n 1054974; 2-3: hit 42.8 [42.6,43.1] long 42.4 ST 41.9 pos 26.7 n 780150; 3-5: hit 44.5 [44.2,44.8] long 44.1 ST 42.8 pos 28.3 n 862534; >=5: hit 47.6 [47.1,48.1] long 46.7 ST 44.4 pos 31.5 n 481509
pooled_M1 w2023: all: hit 36.3 [36.0,36.6] long 36.0 ST 35.4 pos 22.4 n 4155732; 0-1: hit 34.1 [33.7,34.4] long 34.0 ST 33.7 pos 20.6 n 2016990; 1-2: hit 38.3 [38.1,38.6] long 38.1 ST 37.4 pos 23.3 n 731183; 2-3: hit 39.7 [39.5,40.0] long 39.2 ST 38.6 pos 24.4 n 535415; 3-5: hit 41.9 [41.6,42.2] long 41.3 ST 40.2 pos 26.0 n 571340; >=5: hit 45.9 [45.3,46.5] long 44.9 ST 42.8 pos 29.2 n 300804
pooled_M5 w2023: all: hit 45.8 [45.5,46.0] long 45.4 ST 44.6 pos 30.3 n 1073673; 0-1: hit 43.7 [43.5,44.0] long 43.5 ST 43.5 pos 28.4 n 301366; 1-2: hit 45.6 [45.3,45.9] long 45.1 ST 44.9 pos 29.7 n 240695; 2-3: hit 46.4 [46.1,46.8] long 46.2 ST 45.8 pos 30.5 n 181752; 3-5: hit 47.8 [47.4,48.2] long 47.4 ST 46.2 pos 32.3 n 217650; >=5: hit 50.0 [49.3,50.7] long 49.3 ST 46.6 pos 35.5 n 132210
pooled_M15 w2023: all: hit 44.7 [44.2,45.2] long 44.2 ST 43.2 pos 24.6 n 365560; 0-1: hit 44.0 [43.5,44.4] long 43.3 ST 43.5 pos 23.2 n 97442; 1-2: hit 44.0 [43.4,44.6] long 43.2 ST 43.3 pos 23.6 n 83096; 2-3: hit 44.2 [43.4,45.0] long 43.9 ST 43.4 pos 24.2 n 62983; 3-5: hit 45.1 [44.2,45.9] long 44.8 ST 42.7 pos 25.7 n 73544; >=5: hit 47.2 [45.9,48.7] long 46.1 ST 44.2 pos 29.0 n 48495

## window dev
| cell | n | hit [CI] | pos | meanR | long | ST | 0-1 | 1-2 | 2-3 | 3-5 | >=5 | mono | grey<pp |
|---|---|---|---|---|---|---|---|---|---|---|---|---|---|
| XAU_USD_M1_H12_up | 278595 | 51.8 [51.5,52.0] | 35.3 | -0.700 | 50.4 | 49.0 | 50.6 (57563) | 51.1 (39440) | 51.2 (37858) | 52.0 (72294) | 53.2 (71440) |  | 0 |
| SPX500_USD_M5_H12_up | 93483 | 51.7 [51.2,52.2] | 46.9 | -0.154 | 51.7 | 48.5 | 49.5 (14199) | 50.5 (14581) | 51.6 (12501) | 52.7 (19312) | 52.5 (32890) |  | 2 |
| XAG_USD_M5_H12_up | 93198 | 51.7 [51.2,52.1] | 35.0 | -0.654 | 50.6 | 48.1 | 50.1 (14323) | 50.0 (14265) | 51.0 (13360) | 51.5 (22443) | 53.7 (28807) |  | 3 |
| EUR_USD_M5_H12_up | 99299 | 51.5 [51.1,52.0] | 40.3 | -0.342 | 50.1 | 48.7 | 49.9 (13968) | 50.9 (13843) | 51.8 (12939) | 51.4 (22916) | 52.4 (35633) |  | 2 |
| EUR_USD_M1_H12_up | 290008 | 51.4 [51.2,51.6] | 31.3 | -0.864 | 49.8 | 48.5 | 50.0 (67921) | 50.9 (43717) | 51.2 (41112) | 51.5 (69388) | 53.0 (67870) |  | 1 |
| EUR_USD_M15_H12_up | 99625 | 51.3 [50.6,52.1] | 44.9 | -0.149 | 50.1 | 48.8 | 49.7 (15602) | 50.7 (14950) | 51.4 (13890) | 51.5 (22091) | 52.3 (33092) |  | 3 |
| XAU_USD_M1_H48_up | 278595 | 51.2 [50.9,51.6] | 42.3 | -0.681 | 50.7 | 48.9 | 49.7 (58723) | 50.8 (41627) | 50.9 (38013) | 51.1 (57263) | 52.8 (82969) |  | 1 |
| EUR_USD_M5_H48_up | 99299 | 51.2 [50.4,52.0] | 45.9 | -0.298 | 49.9 | 48.8 | 49.8 (22173) | 52.2 (19398) | 50.8 (14689) | 51.2 (19379) | 51.9 (23660) |  | 5 |
| WTICO_USD_M1_H48_up | 274393 | 51.0 [50.7,51.4] | 43.1 | -0.587 | 50.8 | 49.0 | 50.4 (76151) | 50.5 (41773) | 50.5 (35834) | 51.5 (56903) | 52.1 (63732) |  | 3 |
| WTICO_USD_M1_H12_up | 274393 | 50.8 [50.6,51.1] | 35.4 | -0.604 | 50.1 | 48.7 | 49.7 (81747) | 50.3 (45194) | 50.5 (44175) | 51.3 (61866) | 53.1 (41411) |  | 2 |
| WTICO_USD_M5_H12_up | 94440 | 50.8 [50.4,51.3] | 43.0 | -0.264 | 50.8 | 49.0 | 50.1 (20801) | 50.1 (19237) | 50.4 (16128) | 51.6 (20579) | 51.8 (17695) |  | 3 |
| SPX500_USD_M1_H12_up | 268471 | 50.5 [50.2,50.7] | 40.6 | -0.383 | 50.3 | 47.8 | 49.4 (86843) | 49.9 (35446) | 50.5 (38827) | 51.1 (56870) | 51.9 (50485) |  | 3 |
| NATGAS_USD_M5_H12_up | 80798 | 49.9 [49.4,50.4] | 28.2 | -1.071 | 49.3 | 47.9 | 49.4 (23492) | 49.6 (19668) | 50.4 (14581) | 50.0 (15316) | 51.1 (7741) |  | None |
| NATGAS_USD_M1_H12_up | 199057 | 49.0 [48.7,49.3] | 19.5 | -1.992 | 48.4 | 47.1 | 48.7 (117300) | 49.1 (40429) | 49.6 (22071) | 49.3 (14725) | 51.1 (4532) |  | None |
| WTICO_USD_M15_H48_plan | 94592 | 44.3 [43.4,45.1] | 19.4 | -0.124 | 44.4 | 44.2 | 43.1 (25284) | 43.3 (21337) | 44.6 (15354) | 44.8 (17559) | 46.4 (15058) |  | None |
| SPX500_USD_M5_H48_plan | 93483 | 42.7 [42.0,43.4] | 18.5 | -0.155 | 43.0 | 42.4 | 40.0 (19693) | 42.5 (19283) | 42.8 (17279) | 44.3 (23599) | 44.3 (13629) |  | None |
| EUR_USD_M15_H48_plan | 99625 | 42.2 [41.4,43.0] | 17.6 | -0.205 | 41.0 | 40.0 | 41.1 (21503) | 41.5 (19502) | 41.8 (16746) | 42.4 (23647) | 44.1 (18227) |  | None |
| WTICO_USD_M5_H12_plan | 94440 | 41.3 [40.6,42.0] | 25.7 | -0.264 | 40.9 | 40.6 | 37.1 (22707) | 40.1 (19608) | 40.7 (15970) | 43.5 (20343) | 46.7 (15812) |  | None |
| XAU_USD_M5_H12_plan | 94551 | 40.6 [39.7,41.5] | 25.0 | -0.292 | 39.7 | 39.7 | 35.9 (18899) | 38.7 (16829) | 40.4 (14946) | 42.3 (22589) | 44.8 (21288) |  | None |
| WTICO_USD_M5_H48_plan | 94440 | 37.8 [36.9,38.6] | 15.7 | -0.267 | 37.9 | 38.3 | 34.9 (30135) | 36.7 (23595) | 37.6 (15490) | 40.7 (15023) | 44.5 (10197) |  | None |
| SPX500_USD_M1_H12_plan | 268471 | 37.4 [36.3,38.3] | 21.6 | -0.387 | 37.2 | 36.4 | 34.2 (121080) | 38.0 (39584) | 38.1 (31290) | 40.9 (53567) | 43.7 (22950) |  | None |
| XAU_USD_M5_H48_plan | 94551 | 37.0 [36.0,38.0] | 14.8 | -0.309 | 36.5 | 37.1 | 36.1 (24808) | 35.9 (21940) | 36.9 (17015) | 37.7 (19729) | 40.1 (11059) |  | None |
| SPX500_USD_M1_H48_plan | 268471 | 35.3 [34.3,36.2] | 13.2 | -0.391 | 35.2 | 34.5 | 32.9 (143937) | 36.6 (63185) | 38.1 (36348) | 41.0 (21202) | 46.4 (3799) |  | None |
| XAG_USD_M15_H48_plan | 94445 | 34.6 [33.3,35.7] | 13.7 | -0.369 | 34.2 | 33.9 | 31.7 (23847) | 32.7 (21407) | 34.7 (16578) | 36.5 (20509) | 40.1 (12104) |  | None |
| EUR_USD_M5_H48_plan | 99299 | 34.3 [33.5,34.9] | 13.2 | -0.396 | 32.9 | 33.3 | 29.1 (29739) | 33.5 (24063) | 36.1 (17974) | 38.8 (19618) | 40.4 (7905) |  | None |
| XAU_USD_M1_H12_plan | 278595 | 25.3 [24.0,26.4] | 14.7 | -0.703 | 24.3 | 24.3 | 16.2 (115711) | 27.9 (48875) | 30.4 (47068) | 33.0 (46804) | 41.1 (20137) |  | None |
| WTICO_USD_M1_H48_plan | 274393 | 25.2 [24.0,26.2] | 9.7 | -0.614 | 24.9 | 24.9 | 22.9 (197398) | 29.8 (52214) | 32.2 (16967) | 34.0 (5673) | 43.3 (2141) |  | None |
| XAU_USD_M1_H48_plan | 278595 | 22.8 [21.6,23.8] | 8.9 | -0.705 | 22.0 | 22.1 | 18.8 (173981) | 26.9 (59945) | 31.1 (30630) | 34.6 (11396) | 40.6 (2643) |  | None |
| EUR_USD_M1_H12_plan | 290008 | 20.8 [20.0,21.5] | 12.2 | -0.868 | 19.7 | 19.4 | 12.0 (140815) | 23.8 (39026) | 27.2 (36859) | 31.3 (52237) | 36.3 (21071) |  | None |
| EUR_USD_M1_H48_plan | 290008 | 18.6 [17.9,19.2] | 7.1 | -0.872 | 17.6 | 17.5 | 13.2 (178492) | 24.8 (61747) | 27.8 (29128) | 32.1 (15882) | 37.4 (4759) |  | None |
| XAG_USD_M1_H12_plan | 251377 | 8.5 [7.8,9.3] | 4.9 | -1.538 | 8.2 | 8.3 | 3.5 (178237) | 15.9 (21171) | 18.9 (16685) | 21.7 (22995) | 29.9 (12289) |  | None |
| XAG_USD_M1_H48_plan | 251377 | 7.7 [7.0,8.3] | 3.0 | -1.536 | 7.4 | 7.6 | 4.1 (193312) | 17.3 (27904) | 17.9 (15292) | 23.0 (11218) | 30.7 (3651) |  | None |

pooled_all dev: all: hit 39.7 [39.3,40.0] long 39.1 ST 38.2 pos 24.7 n 5834375; 0-1: hit 37.0 [36.6,37.4] long 36.9 ST 36.7 pos 22.8 n 2330384; 1-2: hit 40.4 [40.1,40.7] long 39.7 ST 39.3 pos 24.7 n 1004783; 2-3: hit 41.5 [41.2,41.8] long 40.8 ST 40.1 pos 25.5 n 763597; 3-5: hit 43.1 [42.8,43.4] long 42.1 ST 41.3 pos 26.7 n 954935; >=5: hit 46.0 [45.7,46.4] long 44.6 ST 42.7 pos 29.4 n 780676
pooled_M1 dev: all: hit 34.8 [34.4,35.2] long 34.2 ST 33.4 pos 21.4 n 4314807; 0-1: hit 31.6 [31.2,32.0] long 31.5 ST 31.2 pos 19.4 n 1989211; 1-2: hit 37.1 [36.8,37.4] long 36.3 ST 35.9 pos 22.3 n 701277; 2-3: hit 38.5 [38.2,38.8] long 37.6 ST 36.8 pos 23.2 n 518157; 3-5: hit 40.6 [40.3,40.9] long 39.4 ST 38.4 pos 24.6 n 630283; >=5: hit 44.8 [44.3,45.3] long 42.9 ST 41.1 pos 27.9 n 475879
pooled_M5 dev: all: hit 45.0 [44.7,45.3] long 44.4 ST 43.5 pos 29.4 n 1131281; 0-1: hit 42.7 [42.2,43.1] long 42.6 ST 42.5 pos 27.4 n 254937; 1-2: hit 44.2 [43.8,44.6] long 43.6 ST 43.3 pos 28.4 n 226310; 2-3: hit 45.0 [44.6,45.4] long 44.5 ST 44.0 pos 29.2 n 182872; 3-5: hit 46.3 [45.9,46.7] long 45.3 ST 44.6 pos 30.3 n 240846; >=5: hit 47.8 [47.3,48.3] long 47.0 ST 44.7 pos 32.3 n 226316
pooled_M15 dev: all: hit 43.1 [42.5,43.6] long 42.4 ST 41.7 pos 23.9 n 388287; 0-1: hit 41.4 [40.8,42.0] long 41.4 ST 41.2 pos 22.6 n 86236; 1-2: hit 42.1 [41.3,42.8] long 41.7 ST 41.3 pos 23.1 n 77196; 2-3: hit 43.1 [42.3,43.9] long 42.6 ST 41.3 pos 23.7 n 62568; 3-5: hit 43.8 [43.0,44.6] long 43.0 ST 42.7 pos 24.4 n 83806; >=5: hit 45.7 [44.7,46.8] long 44.2 ST 42.9 pos 26.6 n 78481

## A1 decisive, window w2023
| cell | tie% | hit_dec [CI] | long_dec | ST_dec | lean-long [CI] | lean-ST [CI] | 0-1 | 1-2 | 2-3 | 3-5 | >=5 | mono | grey<pp |
|---|---|---|---|---|---|---|---|---|---|---|---|---|---|
| SPX500_USD_M5_H12_up | 1.1 | 52.7 [52.1,53.3] | 52.6 | 50.1 | +0.1 [-0.1,+0.3] | +2.5 [+1.7,+3.3] | 50.8 (12174) | 52.1 (12561) | 52.8 (12995) | 53.0 (24406) | 53.4 (25647) | True | 1 |
| EUR_USD_M5_H48_plan | 36.9 | 51.8 [51.2,52.5] | 50.0 | 49.8 | +1.8 [+0.7,+2.8] | +2.0 [+0.9,+3.0] | 51.0 (21326) | 51.5 (17084) | 52.2 (11321) | 53.0 (8102) | 57.8 (1298) | True | 0 |
| XAG_USD_M5_H12_up | 0.1 | 51.8 [51.3,52.3] | 51.9 | 48.4 | -0.2 [-0.9,+0.6] | +3.4 [+2.6,+4.3] | 50.3 (15912) | 50.6 (14748) | 50.5 (14006) | 52.5 (22009) | 53.8 (22206) | False | 3 |
| EUR_USD_M15_H12_up | 0.2 | 51.7 [50.9,52.4] | 50.6 | 49.7 | +1.1 [-0.1,+2.2] | +1.9 [+0.7,+3.2] | 50.1 (17326) | 50.2 (16396) | 51.3 (14601) | 52.2 (22147) | 53.6 (23108) | True | 2 |
| EUR_USD_M5_H48_up | 0.2 | 51.6 [50.7,52.4] | 50.5 | 49.7 | +1.0 [-0.3,+2.2] | +1.9 [+0.7,+3.1] | 50.2 (18304) | 50.8 (17286) | 50.7 (14894) | 51.7 (21656) | 53.9 (21438) | False | 3 |
| SPX500_USD_M1_H12_up | 2.6 | 51.5 [51.2,51.8] | 51.4 | 49.8 | +0.1 [-0.1,+0.3] | +1.7 [+1.3,+2.1] | 50.6 (78724) | 51.5 (35848) | 52.0 (34892) | 51.9 (58441) | 52.3 (41911) | False | 0 |
| EUR_USD_M5_H12_up | 0.4 | 51.5 [51.0,52.0] | 50.5 | 49.5 | +1.0 [+0.3,+1.6] | +2.0 [+1.2,+2.8] | 49.9 (17987) | 50.9 (17886) | 50.9 (16242) | 52.2 (24903) | 53.4 (16374) | True | 1 |
| XAU_USD_M1_H48_up | 0.1 | 51.4 [51.0,51.7] | 51.5 | 49.0 | -0.2 [-0.6,+0.3] | +2.3 [+1.8,+2.9] | 50.9 (77087) | 51.1 (45792) | 50.9 (39433) | 51.6 (60154) | 52.6 (44128) | False | 0 |
| XAU_USD_M1_H12_up | 0.2 | 51.4 [51.1,51.6] | 50.8 | 49.3 | +0.6 [+0.3,+1.0] | +2.1 [+1.7,+2.5] | 50.7 (63435) | 50.8 (38342) | 50.9 (47272) | 51.6 (66609) | 52.7 (50728) | True | 0 |
| EUR_USD_M1_H12_up | 0.9 | 51.3 [51.1,51.6] | 50.3 | 49.3 | +1.0 [+0.6,+1.3] | +2.0 [+1.7,+2.4] | 50.4 (76936) | 50.8 (48788) | 51.6 (49056) | 51.6 (65429) | 53.0 (36332) | True | 0 |
| EUR_USD_M15_H48_plan | 19.1 | 51.2 [50.2,52.2] | 50.1 | 49.0 | +1.1 [-0.3,+2.5] | +2.2 [+0.7,+3.7] | 50.6 (19668) | 51.9 (17089) | 50.2 (13882) | 50.7 (16065) | 53.9 (9185) | False | 5 |
| EUR_USD_M1_H48_plan | 73.7 | 51.1 [50.7,51.6] | 50.0 | 49.7 | +1.1 [+0.6,+1.7] | +1.4 [+0.8,+2.1] | 50.8 (41201) | 51.1 (20425) | 51.9 (8381) | 53.2 (3013) | 51.3 (468) | False | None |
| XAG_USD_M1_H12_plan | 65.9 | 51.0 [50.6,51.4] | 50.1 | 49.4 | +0.9 [+0.5,+1.4] | +1.6 [+1.1,+2.2] | 50.1 (37356) | 51.2 (18514) | 51.8 (12966) | 51.6 (17106) | 53.1 (4212) | False | 1 |
| SPX500_USD_M5_H48_plan | 12.4 | 51.0 [50.3,51.6] | 50.8 | 51.1 | +0.2 [-0.2,+0.5] | -0.1 [-1.0,+0.8] | 51.0 (16712) | 50.9 (16853) | 51.1 (15628) | 51.3 (20207) | 49.9 (8373) | False | None |
| EUR_USD_M1_H12_plan | 70.5 | 50.9 [50.5,51.4] | 50.0 | 49.5 | +0.9 [+0.4,+1.4] | +1.4 [+0.8,+2.1] | 50.3 (29001) | 50.6 (17117) | 50.8 (17233) | 52.0 (15069) | 53.9 (3812) | True | 3 |
| XAG_USD_M1_H48_plan | 69.5 | 50.8 [50.4,51.2] | 49.8 | 49.7 | +1.0 [+0.5,+1.4] | +1.1 [+0.5,+1.8] | 50.4 (46471) | 50.9 (20536) | 51.7 (9386) | 52.3 (3831) | 50.9 (377) | False | None |
| WTICO_USD_M1_H48_plan | 53.2 | 50.8 [50.4,51.2] | 50.5 | 49.6 | +0.3 [-0.1,+0.7] | +1.2 [+0.6,+1.8] | 50.6 (83817) | 51.1 (23697) | 50.9 (9996) | 51.9 (2272) | 51.5 (1714) | False | None |
| WTICO_USD_M5_H12_plan | 21.0 | 50.8 [50.2,51.3] | 50.2 | 49.5 | +0.6 [-0.2,+1.2] | +1.2 [+0.3,+2.3] | 50.8 (20964) | 50.0 (17570) | 51.3 (12742) | 51.0 (13394) | 51.4 (5611) | False | None |
| WTICO_USD_M15_H48_plan | 12.2 | 50.7 [49.8,51.7] | 50.4 | 49.7 | +0.4 [-0.8,+1.6] | +1.0 [-0.1,+2.3] | 51.0 (24631) | 50.5 (19803) | 50.7 (12673) | 51.3 (12765) | 49.8 (8262) | False | None |
| XAU_USD_M1_H12_plan | 32.4 | 50.7 [50.4,51.0] | 49.9 | 49.8 | +0.8 [+0.4,+1.1] | +0.8 [+0.4,+1.3] | 50.1 (54552) | 50.5 (36348) | 50.8 (35107) | 51.2 (39823) | 51.6 (14414) | True | 2 |
| WTICO_USD_M5_H12_up | 0.5 | 50.7 [50.1,51.2] | 50.8 | 49.6 | -0.1 [-0.9,+0.5] | +1.0 [+0.1,+1.9] | 50.6 (22594) | 50.5 (20642) | 50.4 (16881) | 50.5 (20314) | 52.4 (8032) | False | 5 |
| XAU_USD_M5_H48_plan | 15.2 | 50.6 [50.0,51.3] | 50.6 | 50.4 | -0.0 [-0.8,+0.9] | +0.2 [-0.8,+1.3] | 50.5 (25907) | 50.5 (20449) | 50.1 (13460) | 50.8 (11759) | 53.3 (3997) | False | 5 |
| NATGAS_USD_M5_H12_up | 2.1 | 50.6 [50.1,51.1] | 49.9 | 49.8 | +0.7 [+0.0,+1.4] | +0.8 [-0.0,+1.6] | 50.5 (27748) | 50.9 (22661) | 50.4 (14230) | 50.5 (12047) | 50.3 (2576) | False | None |
| WTICO_USD_M1_H12_up | 2.2 | 50.6 [50.3,50.8] | 50.4 | 49.7 | +0.2 [-0.1,+0.6] | +0.9 [+0.5,+1.4] | 50.0 (95565) | 50.4 (43390) | 50.7 (41831) | 51.2 (46308) | 51.8 (27015) | True | 2 |
| SPX500_USD_M1_H12_plan | 21.1 | 50.6 [50.2,50.9] | 50.5 | 49.9 | +0.1 [-0.1,+0.2] | +0.7 [+0.3,+1.1] | 50.4 (87112) | 51.1 (28147) | 50.8 (26040) | 50.3 (42987) | 50.9 (17879) | False | None |
| XAU_USD_M1_H48_plan | 38.2 | 50.6 [50.2,50.9] | 49.8 | 50.0 | +0.7 [+0.3,+1.1] | +0.6 [+0.1,+1.0] | 50.2 (79681) | 50.6 (50044) | 51.2 (22474) | 51.2 (10404) | 53.1 (2155) | True | 1 |
| SPX500_USD_M1_H48_plan | 24.6 | 50.6 [50.2,50.9] | 50.5 | 50.0 | +0.1 [-0.1,+0.2] | +0.6 [+0.2,+1.0] | 50.7 (99986) | 50.7 (46223) | 50.3 (22840) | 50.0 (18951) | 50.0 (5336) | False | None |
| WTICO_USD_M1_H48_up | 0.6 | 50.5 [50.2,51.0] | 50.6 | 49.7 | -0.0 [-0.5,+0.3] | +0.9 [+0.2,+1.6] | 50.8 (102850) | 49.8 (40178) | 50.3 (37924) | 49.9 (41494) | 51.8 (35791) | False | 5 |
| XAU_USD_M5_H12_plan | 10.1 | 50.5 [50.1,51.0] | 50.6 | 49.8 | -0.0 [-0.7,+0.7] | +0.7 [-0.1,+1.6] | 50.0 (17298) | 50.5 (16647) | 50.7 (15018) | 50.4 (20411) | 51.3 (10667) | False | 5 |
| NATGAS_USD_M1_H12_up | 3.5 | 50.5 [50.2,50.8] | 49.9 | 49.6 | +0.5 [+0.3,+0.8] | +0.8 [+0.4,+1.3] | 50.0 (105370) | 51.3 (25955) | 51.3 (20192) | 50.9 (14778) | 50.4 (2403) | False | None |
| XAG_USD_M15_H48_plan | 17.7 | 50.1 [49.1,51.2] | 50.3 | 48.7 | -0.1 [-1.4,+1.3] | +1.4 [-0.1,+3.2] | 50.6 (22079) | 49.4 (18422) | 49.2 (13837) | 50.7 (14221) | 51.6 (4691) | False | None |
| WTICO_USD_M5_H48_plan | 26.2 | 50.0 [49.3,50.7] | 50.0 | 50.0 | -0.0 [-0.9,+0.8] | -0.1 [-1.2,+1.1] | 50.1 (29966) | 50.2 (17870) | 49.4 (8341) | 49.8 (6480) | 49.6 (2947) | False | None |

pooled_all w2023 decisive: all: hit 51.0 [50.8,51.2] long 50.5 ST 49.7 tie 19.8; 0-1: hit 50.5 [50.3,50.6] long 50.2 ST 50.0 tie 22.9; 1-2: hit 50.8 [50.6,51.0] long 50.3 ST 49.8 tie 17.8; 2-3: hit 50.9 [50.7,51.2] long 50.4 ST 49.8 tie 15.9; 3-5: hit 51.4 [51.1,51.7] long 50.8 ST 49.3 tie 13.3; >=5: hit 52.2 [51.7,52.8] long 51.1 ST 48.6 tie 8.8
pooled_M1 w2023 decisive: all: hit 50.9 [50.7,51.0] long 50.4 ST 49.6 tie 28.7; 0-1: hit 50.4 [50.3,50.6] long 50.2 ST 49.9 tie 32.5; 1-2: hit 50.8 [50.7,51.1] long 50.5 ST 49.7 tie 24.6; 2-3: hit 51.1 [50.9,51.3] long 50.3 ST 49.6 tie 22.2; 3-5: hit 51.4 [51.1,51.7] long 50.5 ST 49.2 tie 18.3; >=5: hit 51.9 [51.3,52.6] long 50.7 ST 48.4 tie 11.6
pooled_M5 w2023 decisive: all: hit 51.1 [50.9,51.4] long 50.7 ST 49.8 tie 10.5; 0-1: hit 50.5 [50.3,50.7] long 50.2 ST 50.2 tie 13.3; 1-2: hit 50.8 [50.5,51.1] long 50.2 ST 50.0 tie 10.3; 2-3: hit 50.9 [50.5,51.3] long 50.6 ST 50.2 tie 8.8; 3-5: hit 51.4 [50.9,51.8] long 51.0 ST 49.7 tie 7.0; >=5: hit 52.5 [51.8,53.3] long 51.8 ST 48.9 tie 4.7
pooled_M15 w2023 decisive: all: hit 50.9 [50.4,51.5] long 50.3 ST 49.3 tie 12.3; 0-1: hit 50.6 [50.1,51.0] long 49.8 ST 50.0 tie 13.0; 1-2: hit 50.5 [49.9,51.2] long 49.6 ST 49.7 tie 12.9; 2-3: hit 50.3 [49.5,51.2] long 50.0 ST 49.4 tie 12.2; 3-5: hit 51.2 [50.1,52.2] long 51.0 ST 48.5 tie 12.0; >=5: hit 52.3 [50.7,53.9] long 51.0 ST 48.9 tie 9.7

## A1 decisive, window dev
| cell | tie% | hit_dec [CI] | long_dec | ST_dec | lean-long [CI] | lean-ST [CI] | 0-1 | 1-2 | 2-3 | 3-5 | >=5 | mono | grey<pp |
|---|---|---|---|---|---|---|---|---|---|---|---|---|---|
| EUR_USD_M1_H12_plan | 60.4 | 52.5 [52.2,52.8] | 49.7 | 49.1 | +2.8 [+2.3,+3.2] | +3.3 [+2.9,+3.9] | 50.5 (33523) | 52.3 (17720) | 53.2 (18816) | 53.4 (30618) | 54.5 (14024) | True | 1 |
| EUR_USD_M1_H48_plan | 64.6 | 52.4 [52.1,52.8] | 49.6 | 49.3 | +2.8 [+2.3,+3.4] | +3.1 [+2.6,+3.6] | 50.9 (46231) | 53.5 (28673) | 53.8 (15053) | 54.1 (9428) | 52.7 (3376) | False | 0 |
| SPX500_USD_M5_H12_up | 1.1 | 52.2 [51.7,52.7] | 52.2 | 49.1 | +0.0 [-0.3,+0.3] | +3.2 [+2.4,+3.9] | 50.1 (14036) | 51.1 (14430) | 52.2 (12372) | 53.4 (19085) | 53.0 (32576) | False | 1 |
| XAU_USD_M1_H12_plan | 51.4 | 52.0 [51.7,52.4] | 49.9 | 50.0 | +2.1 [+1.7,+2.5] | +2.1 [+1.6,+2.5] | 50.1 (37382) | 51.9 (26276) | 52.3 (27312) | 53.1 (29140) | 54.4 (15210) | True | 1 |
| XAU_USD_M1_H12_up | 0.1 | 51.8 [51.6,52.0] | 50.4 | 49.1 | +1.4 [+1.1,+1.7] | +2.7 [+2.4,+3.1] | 50.6 (57514) | 51.1 (39409) | 51.3 (37815) | 52.0 (72235) | 53.2 (71385) | True | 0 |
| XAG_USD_M1_H12_plan | 83.6 | 51.8 [51.3,52.4] | 50.0 | 50.7 | +1.8 [+1.1,+2.6] | +1.1 [+0.4,+1.9] | 49.9 (12498) | 51.6 (6534) | 52.0 (6050) | 53.1 (9394) | 53.6 (6851) | True | 1 |
| EUR_USD_M1_H12_up | 0.8 | 51.8 [51.6,52.0] | 50.2 | 48.9 | +1.6 [+1.3,+1.9] | +2.9 [+2.6,+3.2] | 50.4 (67325) | 51.3 (43367) | 51.7 (40758) | 51.9 (68851) | 53.3 (67370) | True | 0 |
| XAG_USD_M1_H48_plan | 85.2 | 51.8 [51.2,52.4] | 49.8 | 51.1 | +1.9 [+1.1,+2.8] | +0.7 [-0.2,+1.5] | 50.2 (15956) | 52.7 (9133) | 52.3 (5217) | 53.0 (4864) | 55.4 (2022) | False | 1 |
| XAG_USD_M5_H12_up | 0.1 | 51.7 [51.3,52.1] | 50.6 | 48.1 | +1.1 [+0.4,+1.6] | +3.6 [+2.8,+4.4] | 50.1 (14313) | 50.0 (14260) | 51.0 (13352) | 51.6 (22427) | 53.7 (28792) | False | 2 |
| EUR_USD_M5_H12_up | 0.4 | 51.7 [51.2,52.2] | 50.3 | 48.9 | +1.4 [+0.7,+2.2] | +2.8 [+2.0,+3.6] | 50.0 (13925) | 51.1 (13784) | 52.0 (12891) | 51.5 (22839) | 52.6 (35500) | False | 1 |
| XAU_USD_M1_H48_plan | 55.9 | 51.7 [51.3,52.0] | 49.9 | 50.2 | +1.8 [+1.4,+2.3] | +1.5 [+0.9,+2.0] | 50.9 (64364) | 51.9 (31104) | 53.3 (17868) | 53.0 (7440) | 53.2 (2018) | False | 0 |
| SPX500_USD_M1_H12_up | 2.3 | 51.7 [51.4,51.9] | 51.5 | 49.0 | +0.2 [+0.0,+0.3] | +2.7 [+2.3,+3.1] | 50.7 (84738) | 51.2 (34530) | 51.6 (37959) | 52.3 (55556) | 53.0 (49438) | True | 0 |
| EUR_USD_M15_H12_up | 0.2 | 51.5 [50.7,52.2] | 50.2 | 48.9 | +1.2 [-0.0,+2.4] | +2.5 [+1.4,+3.7] | 49.8 (15573) | 50.8 (14927) | 51.5 (13860) | 51.7 (22034) | 52.4 (33018) | True | 2 |
| EUR_USD_M5_H48_plan | 33.2 | 51.3 [50.7,51.9] | 49.3 | 49.9 | +2.1 [+1.0,+3.1] | +1.4 [+0.5,+2.4] | 50.2 (17251) | 51.3 (15742) | 51.6 (12580) | 52.3 (14545) | 51.8 (6165) | False | None |
| WTICO_USD_M1_H12_up | 0.9 | 51.3 [51.1,51.6] | 50.6 | 49.2 | +0.7 [+0.5,+1.0] | +2.1 [+1.7,+2.5] | 50.3 (80884) | 50.7 (44771) | 50.9 (43824) | 51.8 (61273) | 53.5 (41069) | True | 1 |
| EUR_USD_M5_H48_up | 0.2 | 51.3 [50.5,52.1] | 50.0 | 48.9 | +1.3 [+0.0,+2.6] | +2.4 [+1.1,+3.6] | 49.9 (22136) | 52.3 (19368) | 50.9 (14664) | 51.3 (19356) | 52.0 (23612) | False | 5 |
| XAU_USD_M1_H48_up | 0.0 | 51.2 [50.9,51.6] | 50.7 | 49.0 | +0.5 [+0.1,+1.0] | +2.3 [+1.7,+2.9] | 49.7 (58690) | 50.8 (41609) | 50.9 (37994) | 51.1 (57238) | 52.8 (82940) | True | 1 |
| WTICO_USD_M1_H48_up | 0.3 | 51.2 [50.8,51.6] | 51.0 | 49.1 | +0.2 [-0.2,+0.7] | +2.1 [+1.4,+2.7] | 50.5 (75946) | 50.6 (41649) | 50.7 (35694) | 51.7 (56735) | 52.3 (63528) | True | 3 |
| EUR_USD_M15_H48_plan | 17.5 | 51.1 [50.3,52.0] | 49.7 | 48.5 | +1.4 [-0.2,+2.8] | +2.6 [+1.3,+3.9] | 50.2 (17617) | 50.5 (16028) | 50.6 (13840) | 51.4 (19502) | 52.9 (15212) | True | 5 |
| SPX500_USD_M1_H12_plan | 26.8 | 51.1 [50.8,51.3] | 50.8 | 49.7 | +0.2 [+0.0,+0.4] | +1.3 [+0.9,+1.7] | 50.3 (82403) | 51.1 (29403) | 51.1 (23330) | 52.3 (41901) | 51.6 (19420) | False | 1 |
| NATGAS_USD_M5_H12_up | 2.2 | 51.0 [50.5,51.6] | 50.4 | 49.0 | +0.6 [-0.1,+1.3] | +2.1 [+1.1,+2.9] | 50.6 (22923) | 50.8 (19203) | 51.5 (14270) | 51.1 (14995) | 52.1 (7597) | False | 2 |
| SPX500_USD_M1_H48_plan | 30.8 | 51.0 [50.7,51.3] | 50.9 | 49.9 | +0.1 [-0.1,+0.3] | +1.1 [+0.7,+1.5] | 50.5 (93667) | 51.2 (45086) | 52.0 (26638) | 51.6 (16840) | 51.3 (3436) | False | None |
| XAU_USD_M5_H12_plan | 20.4 | 51.0 [50.6,51.5] | 49.9 | 49.8 | +1.1 [+0.4,+1.8] | +1.2 [+0.4,+2.0] | 50.0 (13541) | 51.0 (12775) | 50.5 (11955) | 51.3 (18613) | 51.9 (18401) | False | 3 |
| WTICO_USD_M5_H12_up | 0.3 | 50.9 [50.5,51.4] | 51.0 | 49.2 | -0.0 [-0.6,+0.5] | +1.8 [+1.0,+2.6] | 50.3 (20733) | 50.3 (19198) | 50.5 (16083) | 51.7 (20524) | 52.0 (17635) | False | 3 |
| NATGAS_USD_M1_H12_up | 3.8 | 50.9 [50.6,51.1] | 50.3 | 49.0 | +0.6 [+0.3,+0.9] | +1.9 [+1.5,+2.3] | 50.6 (112934) | 51.2 (38785) | 51.3 (21312) | 51.2 (14181) | 52.9 (4376) | False | 0 |
| WTICO_USD_M1_H48_plan | 50.4 | 50.7 [50.4,51.1] | 50.3 | 50.3 | +0.5 [+0.1,+0.8] | +0.5 [-0.0,+1.0] | 50.3 (89715) | 51.6 (30145) | 51.5 (10607) | 50.7 (3800) | 51.8 (1791) | False | None |
| WTICO_USD_M5_H12_plan | 18.4 | 50.6 [50.1,51.1] | 50.1 | 49.8 | +0.5 [-0.0,+1.1] | +0.8 [-0.0,+1.7] | 50.4 (16704) | 50.8 (15465) | 49.6 (13099) | 50.5 (17517) | 51.6 (14300) | False | 5 |
| XAU_USD_M5_H48_plan | 26.8 | 50.5 [49.9,51.1] | 49.9 | 50.7 | +0.7 [-0.3,+1.5] | -0.2 [-1.1,+0.7] | 50.2 (17842) | 49.9 (15809) | 50.4 (12451) | 50.9 (14603) | 51.8 (8551) | False | None |
| SPX500_USD_M5_H48_plan | 15.4 | 50.5 [50.0,51.1] | 50.8 | 50.1 | -0.3 [-0.7,+0.1] | +0.4 [-0.5,+1.2] | 49.5 (15929) | 51.4 (15935) | 50.3 (14697) | 50.9 (20514) | 50.2 (12011) | False | None |
| XAG_USD_M15_H48_plan | 31.1 | 50.1 [49.2,51.1] | 49.6 | 49.1 | +0.6 [-0.9,+2.0] | +1.0 [-0.3,+2.5] | 49.7 (15195) | 50.2 (13958) | 50.3 (11428) | 49.7 (15052) | 51.3 (9463) | False | None |
| WTICO_USD_M15_H48_plan | 11.6 | 50.0 [49.1,50.9] | 50.2 | 50.0 | -0.1 [-1.7,+1.4] | +0.0 [-1.1,+1.2] | 49.2 (22138) | 49.3 (18731) | 50.4 (13598) | 50.2 (15682) | 51.7 (13516) | False | None |
| WTICO_USD_M5_H48_plan | 24.3 | 49.9 [49.3,50.5] | 50.0 | 50.5 | -0.1 [-0.9,+0.6] | -0.6 [-1.5,+0.4] | 49.5 (21259) | 49.9 (17378) | 48.5 (12026) | 50.4 (12148) | 52.2 (8682) | False | 5 |

pooled_all dev decisive: all: hit 51.3 [51.1,51.4] long 50.3 ST 49.5 tie 22.5; 0-1: hit 50.2 [50.0,50.4] long 50.0 ST 50.0 tie 26.3; 1-2: hit 51.1 [50.9,51.3] long 50.0 ST 49.7 tie 20.8; 2-3: hit 51.3 [51.1,51.5] long 50.3 ST 49.5 tie 18.9; 3-5: hit 51.7 [51.5,52.0] long 50.4 ST 49.5 tie 16.5; >=5: hit 52.6 [52.2,53.0] long 50.8 ST 48.7 tie 12.4
pooled_M1 dev decisive: all: hit 51.6 [51.4,51.7] long 50.3 ST 49.6 tie 32.3; 0-1: hit 50.4 [50.2,50.6] long 50.1 ST 50.0 tie 37.2; 1-2: hit 51.6 [51.4,51.8] long 50.1 ST 49.8 tie 27.8; 2-3: hit 51.9 [51.6,52.1] long 50.4 ST 49.4 tie 25.5; 3-5: hit 52.3 [52.0,52.6] long 50.5 ST 49.4 tie 22.1; >=5: hit 53.1 [52.6,53.6] long 50.6 ST 48.7 tie 15.5
pooled_M5 dev decisive: all: hit 51.1 [50.8,51.3] long 50.4 ST 49.5 tie 11.9; 0-1: hit 50.1 [49.8,50.3] long 49.9 ST 50.0 tie 14.8; 1-2: hit 50.8 [50.5,51.1] long 50.1 ST 49.8 tie 13.0; 2-3: hit 50.7 [50.4,51.1] long 50.1 ST 49.7 tie 11.3; 3-5: hit 51.4 [51.0,51.8] long 50.3 ST 49.6 tie 10.0; >=5: hit 52.1 [51.6,52.6] long 51.2 ST 48.7 tie 8.2
pooled_M15 dev decisive: all: hit 50.7 [50.2,51.2] long 49.9 ST 49.1 tie 15.1; 0-1: hit 49.7 [49.3,50.3] long 49.7 ST 49.4 tie 16.7; 1-2: hit 50.2 [49.5,50.9] long 49.7 ST 49.2 tie 16.2; 2-3: hit 50.7 [49.9,51.5] long 50.1 ST 48.7 tie 15.0; 3-5: hit 50.7 [49.9,51.6] long 49.9 ST 49.6 tie 13.8; >=5: hit 52.1 [50.9,53.2] long 50.3 ST 48.9 tie 12.2

