# lean22 track record (development evidence; descriptive; nothing qualified)

## window w2023
| cell | n | hit [CI] | pos | meanR | long | ST | 0-1 | 1-2 | 2-3 | 3-5 | >=5 | mono | grey<pp |
|---|---|---|---|---|---|---|---|---|---|---|---|---|---|
| SPX500_USD_M5_H12_up | 88800 | 52.1 [51.5,52.6] | 48.0 | -0.128 | 52.0 | 49.6 | 50.1 (12351) | 51.5 (12722) | 52.2 (13157) | 52.4 (24709) | 52.9 (25861) | True | 1 |
| XAG_USD_M5_H12_up | 89005 | 51.7 [51.2,52.2] | 40.9 | -0.362 | 51.9 | 48.3 | 50.2 (15940) | 50.5 (14764) | 50.5 (14019) | 52.4 (22052) | 53.7 (22230) | False | 3 |
| EUR_USD_M15_H12_up | 93764 | 51.6 [50.8,52.3] | 44.7 | -0.186 | 50.5 | 49.6 | 50.0 (17360) | 50.1 (16429) | 51.2 (14622) | 52.1 (22194) | 53.5 (23159) | True | 2 |
| EUR_USD_M5_H48_up | 93734 | 51.5 [50.6,52.3] | 45.7 | -0.367 | 50.5 | 49.6 | 50.1 (18341) | 50.7 (17314) | 50.6 (14917) | 51.6 (21693) | 53.8 (21469) | False | 3 |
| XAU_USD_M1_H48_up | 266786 | 51.3 [51.0,51.7] | 45.7 | -0.369 | 51.5 | 49.0 | 50.8 (77150) | 51.0 (45823) | 50.9 (39455) | 51.5 (60194) | 52.6 (44164) | False | 0 |
| EUR_USD_M5_H12_up | 93746 | 51.3 [50.8,51.8] | 39.0 | -0.385 | 50.3 | 49.3 | 49.7 (18056) | 50.7 (17956) | 50.7 (16313) | 52.0 (24996) | 53.2 (16425) | True | 3 |
| XAU_USD_M1_H12_up | 266793 | 51.3 [51.0,51.6] | 40.1 | -0.426 | 50.7 | 49.2 | 50.6 (63554) | 50.8 (38404) | 50.8 (47334) | 51.5 (66709) | 52.7 (50792) | True | 0 |
| EUR_USD_M1_H12_up | 279145 | 50.8 [50.6,51.1] | 28.4 | -1.034 | 49.9 | 48.8 | 49.9 (77647) | 50.3 (49264) | 51.1 (49519) | 51.1 (66055) | 52.5 (36660) | True | 2 |
| WTICO_USD_M5_H12_up | 88923 | 50.4 [49.9,50.9] | 41.9 | -0.296 | 50.5 | 49.4 | 50.3 (22701) | 50.2 (20760) | 50.1 (16976) | 50.2 (20420) | 52.2 (8066) | False | 5 |
| WTICO_USD_M1_H48_up | 259722 | 50.3 [49.9,50.7] | 41.5 | -0.757 | 50.3 | 49.4 | 50.5 (103413) | 49.6 (40370) | 49.9 (38163) | 49.6 (41732) | 51.5 (36044) | False | 5 |
| SPX500_USD_M1_H12_up | 256376 | 50.2 [49.9,50.5] | 41.5 | -0.358 | 50.1 | 48.6 | 49.0 (81351) | 50.2 (36748) | 50.8 (35715) | 50.7 (59843) | 51.3 (42719) | False | 2 |
| NATGAS_USD_M5_H12_up | 80955 | 49.5 [49.0,50.1] | 28.7 | -0.964 | 48.9 | 48.8 | 49.3 (28415) | 49.8 (23164) | 49.4 (14537) | 49.8 (12231) | 49.7 (2608) | False | None |
| WTICO_USD_M1_H12_up | 259729 | 49.5 [49.2,49.8] | 33.0 | -0.766 | 49.3 | 48.6 | 48.7 (98105) | 49.5 (44257) | 49.6 (42700) | 50.3 (47173) | 50.9 (27494) | True | 5 |
| NATGAS_USD_M1_H12_up | 174820 | 48.7 [48.4,49.0] | 20.2 | -1.857 | 48.2 | 47.9 | 48.3 (109177) | 49.4 (26990) | 49.6 (20896) | 49.2 (15308) | 49.4 (2449) | False | None |
| XAU_USD_M5_H12_plan | 89070 | 45.4 [45.0,45.9] | 29.5 | -0.160 | 45.4 | 44.8 | 44.2 (19561) | 45.1 (18627) | 45.4 (16794) | 45.6 (22567) | 47.5 (11521) | True | None |
| SPX500_USD_M5_H48_plan | 88792 | 44.6 [44.1,45.2] | 19.5 | -0.127 | 44.5 | 44.7 | 42.9 (19861) | 43.5 (19732) | 44.7 (17876) | 46.3 (22389) | 46.7 (8934) | True | None |
| WTICO_USD_M15_H48_plan | 89001 | 44.6 [43.6,45.4] | 19.5 | -0.128 | 44.2 | 43.6 | 44.9 (27983) | 44.0 (22723) | 44.4 (14470) | 45.0 (14557) | 44.4 (9268) | False | None |
| XAU_USD_M5_H48_plan | 89066 | 43.0 [42.4,43.5] | 17.9 | -0.161 | 43.0 | 42.8 | 42.5 (30823) | 42.6 (24246) | 42.4 (15883) | 43.7 (13663) | 47.9 (4451) | False | None |
| EUR_USD_M15_H48_plan | 93756 | 41.5 [40.6,42.3] | 17.4 | -0.218 | 40.6 | 39.7 | 39.5 (25145) | 41.4 (21433) | 40.7 (17112) | 41.8 (19481) | 46.8 (10585) | False | None |
| XAG_USD_M15_H48_plan | 89039 | 41.2 [40.4,42.2] | 16.7 | -0.201 | 41.3 | 40.0 | 41.5 (26954) | 40.4 (22511) | 40.6 (16779) | 41.7 (17312) | 44.2 (5483) | False | None |
| WTICO_USD_M5_H12_plan | 88923 | 40.1 [39.5,40.8] | 24.4 | -0.291 | 39.7 | 39.2 | 34.4 (30953) | 39.6 (22176) | 43.5 (15024) | 45.8 (14889) | 49.0 (5881) | True | None |
| SPX500_USD_M1_H12_plan | 256376 | 39.9 [39.4,40.3] | 22.1 | -0.350 | 39.8 | 39.3 | 37.6 (116791) | 40.5 (35520) | 40.5 (32633) | 41.9 (51552) | 45.7 (19880) | False | None |
| SPX500_USD_M1_H48_plan | 256374 | 38.1 [37.7,38.5] | 13.9 | -0.356 | 38.1 | 37.7 | 36.3 (139539) | 38.8 (60366) | 40.2 (28616) | 42.9 (22079) | 46.2 (5774) | True | None |
| WTICO_USD_M5_H48_plan | 88918 | 36.9 [36.2,37.6] | 15.6 | -0.290 | 36.9 | 36.9 | 33.1 (45278) | 39.1 (22982) | 40.9 (10083) | 43.6 (7390) | 45.9 (3185) | True | None |
| XAU_USD_M1_H12_plan | 266794 | 34.2 [33.4,35.1] | 20.7 | -0.415 | 33.7 | 33.7 | 30.2 (90504) | 34.1 (53852) | 35.3 (50474) | 37.6 (54252) | 42.0 (17712) | True | None |
| EUR_USD_M5_H48_plan | 93741 | 32.7 [32.0,33.4] | 13.0 | -0.430 | 31.6 | 31.4 | 27.8 (39086) | 33.5 (26252) | 36.5 (16173) | 40.3 (10651) | 47.5 (1579) | True | None |
| XAU_USD_M1_H48_plan | 266793 | 31.2 [30.4,32.0] | 12.3 | -0.412 | 30.8 | 30.9 | 29.1 (137382) | 32.1 (79005) | 34.3 (33507) | 37.2 (14307) | 44.1 (2592) | True | None |
| WTICO_USD_M1_H48_plan | 259731 | 23.8 [23.0,24.6] | 8.9 | -0.748 | 23.6 | 23.2 | 21.4 (198129) | 29.0 (41776) | 34.4 (14790) | 38.9 (3030) | 44.0 (2006) | True | None |
| XAG_USD_M1_H12_plan | 264001 | 17.4 [16.1,18.7] | 10.4 | -0.975 | 17.1 | 16.9 | 11.6 (161764) | 23.7 (39927) | 24.2 (27788) | 30.8 (28691) | 38.3 (5831) | True | None |
| XAG_USD_M1_H48_plan | 263999 | 15.5 [14.3,16.7] | 6.2 | -0.975 | 15.2 | 15.2 | 12.0 (194608) | 23.9 (43742) | 26.3 (18469) | 30.2 (6633) | 35.1 (547) | True | None |
| EUR_USD_M1_H12_plan | 279147 | 15.0 [14.3,15.8] | 8.9 | -1.049 | 14.7 | 14.6 | 8.9 (163210) | 19.7 (43939) | 23.0 (38040) | 27.6 (28401) | 37.0 (5557) | True | None |
| EUR_USD_M1_H48_plan | 279146 | 13.5 [12.8,14.2] | 5.3 | -1.050 | 13.2 | 13.1 | 10.2 (204666) | 20.4 (51200) | 25.1 (17316) | 29.8 (5381) | 41.2 (583) | True | None |

pooled_all w2023: all: hit 40.9 [40.7,41.1] long 40.6 ST 39.8 pos 25.7 n 5594965; 0-1: hit 38.9 [38.7,39.2] long 38.7 ST 38.6 pos 23.9 n 2415798; 1-2: hit 41.7 [41.5,42.0] long 41.3 ST 41.0 pos 25.8 n 1054974; 2-3: hit 42.8 [42.6,43.1] long 42.4 ST 41.9 pos 26.7 n 780150; 3-5: hit 44.5 [44.2,44.8] long 44.1 ST 42.8 pos 28.3 n 862534; >=5: hit 47.6 [47.1,48.1] long 46.7 ST 44.4 pos 31.5 n 481509
pooled_M1 w2023: all: hit 36.3 [36.0,36.6] long 36.0 ST 35.4 pos 22.4 n 4155732; 0-1: hit 34.1 [33.7,34.4] long 34.0 ST 33.7 pos 20.6 n 2016990; 1-2: hit 38.3 [38.1,38.6] long 38.1 ST 37.4 pos 23.3 n 731183; 2-3: hit 39.7 [39.5,40.0] long 39.2 ST 38.6 pos 24.4 n 535415; 3-5: hit 41.9 [41.6,42.2] long 41.3 ST 40.2 pos 26.0 n 571340; >=5: hit 45.9 [45.3,46.5] long 44.9 ST 42.8 pos 29.2 n 300804
pooled_M5 w2023: all: hit 45.8 [45.5,46.0] long 45.4 ST 44.6 pos 30.3 n 1073673; 0-1: hit 43.7 [43.5,44.0] long 43.5 ST 43.5 pos 28.4 n 301366; 1-2: hit 45.6 [45.3,45.9] long 45.1 ST 44.9 pos 29.7 n 240695; 2-3: hit 46.4 [46.1,46.8] long 46.2 ST 45.8 pos 30.5 n 181752; 3-5: hit 47.8 [47.4,48.2] long 47.4 ST 46.2 pos 32.3 n 217650; >=5: hit 50.0 [49.3,50.7] long 49.3 ST 46.6 pos 35.5 n 132210
pooled_M15 w2023: all: hit 44.7 [44.2,45.2] long 44.2 ST 43.2 pos 24.6 n 365560; 0-1: hit 44.0 [43.5,44.4] long 43.3 ST 43.5 pos 23.2 n 97442; 1-2: hit 44.0 [43.4,44.6] long 43.2 ST 43.3 pos 23.6 n 83096; 2-3: hit 44.2 [43.4,45.0] long 43.9 ST 43.4 pos 24.2 n 62983; 3-5: hit 45.1 [44.2,45.9] long 44.8 ST 42.7 pos 25.7 n 73544; >=5: hit 47.2 [45.9,48.7] long 46.1 ST 44.2 pos 29.0 n 48495

## window dev
| cell | n | hit [CI] | pos | meanR | long | ST | 0-1 | 1-2 | 2-3 | 3-5 | >=5 | mono | grey<pp |
|---|---|---|---|---|---|---|---|---|---|---|---|---|---|
| XAU_USD_M1_H12_up | 278595 | 51.8 [51.5,52.0] | 35.3 | -0.700 | 50.4 | 49.0 | 50.6 (57563) | 51.1 (39440) | 51.2 (37858) | 52.0 (72294) | 53.2 (71440) |  | 0 |
| SPX500_USD_M5_H12_up | 93483 | 51.7 [51.2,52.2] | 46.9 | -0.154 | 51.7 | 48.5 | 49.5 (14199) | 50.5 (14581) | 51.6 (12501) | 52.7 (19312) | 52.5 (32890) |  | 2 |
| XAG_USD_M5_H12_up | 93198 | 51.7 [51.2,52.1] | 35.0 | -0.654 | 50.6 | 48.1 | 50.1 (14323) | 50.0 (14265) | 51.0 (13360) | 51.5 (22443) | 53.7 (28807) |  | 3 |
| EUR_USD_M5_H12_up | 99299 | 51.5 [51.1,52.0] | 40.3 | -0.342 | 50.1 | 48.7 | 49.9 (13968) | 50.9 (13843) | 51.8 (12939) | 51.4 (22916) | 52.4 (35633) |  | 2 |
| EUR_USD_M1_H12_up | 290008 | 51.4 [51.2,51.6] | 31.3 | -0.864 | 49.8 | 48.5 | 50.0 (67921) | 50.9 (43717) | 51.2 (41112) | 51.5 (69388) | 53.0 (67870) |  | 1 |
| EUR_USD_M15_H12_up | 99625 | 51.3 [50.6,52.1] | 44.9 | -0.149 | 50.1 | 48.8 | 49.7 (15602) | 50.7 (14950) | 51.4 (13890) | 51.5 (22091) | 52.3 (33092) |  | 3 |
| XAU_USD_M1_H48_up | 278595 | 51.2 [50.9,51.6] | 42.3 | -0.681 | 50.7 | 48.9 | 49.7 (58723) | 50.8 (41627) | 50.9 (38013) | 51.1 (57263) | 52.8 (82969) |  | 1 |
| EUR_USD_M5_H48_up | 99299 | 51.2 [50.4,52.0] | 45.9 | -0.298 | 49.9 | 48.8 | 49.8 (22173) | 52.2 (19398) | 50.8 (14689) | 51.2 (19379) | 51.9 (23660) |  | 5 |
| WTICO_USD_M1_H48_up | 274393 | 51.0 [50.7,51.4] | 43.1 | -0.587 | 50.8 | 49.0 | 50.4 (76151) | 50.5 (41773) | 50.5 (35834) | 51.5 (56903) | 52.1 (63732) |  | 3 |
| WTICO_USD_M1_H12_up | 274393 | 50.8 [50.6,51.1] | 35.4 | -0.604 | 50.1 | 48.7 | 49.7 (81747) | 50.3 (45194) | 50.5 (44175) | 51.3 (61866) | 53.1 (41411) |  | 2 |
| WTICO_USD_M5_H12_up | 94440 | 50.8 [50.4,51.3] | 43.0 | -0.264 | 50.8 | 49.0 | 50.1 (20801) | 50.1 (19237) | 50.4 (16128) | 51.6 (20579) | 51.8 (17695) |  | 3 |
| SPX500_USD_M1_H12_up | 268471 | 50.5 [50.2,50.7] | 40.6 | -0.383 | 50.3 | 47.8 | 49.4 (86843) | 49.9 (35446) | 50.5 (38827) | 51.1 (56870) | 51.9 (50485) |  | 3 |
| NATGAS_USD_M5_H12_up | 80798 | 49.9 [49.4,50.4] | 28.2 | -1.071 | 49.3 | 47.9 | 49.4 (23492) | 49.6 (19668) | 50.4 (14581) | 50.0 (15316) | 51.1 (7741) |  | None |
| NATGAS_USD_M1_H12_up | 199057 | 49.0 [48.7,49.3] | 19.5 | -1.992 | 48.4 | 47.1 | 48.7 (117300) | 49.1 (40429) | 49.6 (22071) | 49.3 (14725) | 51.1 (4532) |  | None |
| WTICO_USD_M15_H48_plan | 94592 | 44.3 [43.4,45.1] | 19.4 | -0.124 | 44.4 | 44.2 | 43.1 (25284) | 43.3 (21337) | 44.6 (15354) | 44.8 (17559) | 46.4 (15058) |  | None |
| SPX500_USD_M5_H48_plan | 93483 | 42.7 [42.0,43.4] | 18.5 | -0.155 | 43.0 | 42.4 | 40.0 (19693) | 42.5 (19283) | 42.8 (17279) | 44.3 (23599) | 44.3 (13629) |  | None |
| EUR_USD_M15_H48_plan | 99625 | 42.2 [41.4,43.0] | 17.6 | -0.205 | 41.0 | 40.0 | 41.1 (21503) | 41.5 (19502) | 41.8 (16746) | 42.4 (23647) | 44.1 (18227) |  | None |
| WTICO_USD_M5_H12_plan | 94440 | 41.3 [40.6,42.0] | 25.7 | -0.264 | 40.9 | 40.6 | 37.1 (22707) | 40.1 (19608) | 40.7 (15970) | 43.5 (20343) | 46.7 (15812) |  | None |
| XAU_USD_M5_H12_plan | 94551 | 40.6 [39.7,41.5] | 25.0 | -0.292 | 39.7 | 39.7 | 35.9 (18899) | 38.7 (16829) | 40.4 (14946) | 42.3 (22589) | 44.8 (21288) |  | None |
| WTICO_USD_M5_H48_plan | 94440 | 37.8 [36.9,38.6] | 15.7 | -0.267 | 37.9 | 38.3 | 34.9 (30135) | 36.7 (23595) | 37.6 (15490) | 40.7 (15023) | 44.5 (10197) |  | None |
| SPX500_USD_M1_H12_plan | 268471 | 37.4 [36.3,38.3] | 21.6 | -0.387 | 37.2 | 36.4 | 34.2 (121080) | 38.0 (39584) | 38.1 (31290) | 40.9 (53567) | 43.7 (22950) |  | None |
| XAU_USD_M5_H48_plan | 94551 | 37.0 [36.0,38.0] | 14.8 | -0.309 | 36.5 | 37.1 | 36.1 (24808) | 35.9 (21940) | 36.9 (17015) | 37.7 (19729) | 40.1 (11059) |  | None |
| SPX500_USD_M1_H48_plan | 268471 | 35.3 [34.3,36.2] | 13.2 | -0.391 | 35.2 | 34.5 | 32.9 (143937) | 36.6 (63185) | 38.1 (36348) | 41.0 (21202) | 46.4 (3799) |  | None |
| XAG_USD_M15_H48_plan | 94445 | 34.6 [33.3,35.7] | 13.7 | -0.369 | 34.2 | 33.9 | 31.7 (23847) | 32.7 (21407) | 34.7 (16578) | 36.5 (20509) | 40.1 (12104) |  | None |
| EUR_USD_M5_H48_plan | 99299 | 34.3 [33.5,34.9] | 13.2 | -0.396 | 32.9 | 33.3 | 29.1 (29739) | 33.5 (24063) | 36.1 (17974) | 38.8 (19618) | 40.4 (7905) |  | None |
| XAU_USD_M1_H12_plan | 278595 | 25.3 [24.0,26.4] | 14.7 | -0.703 | 24.3 | 24.3 | 16.2 (115711) | 27.9 (48875) | 30.4 (47068) | 33.0 (46804) | 41.1 (20137) |  | None |
| WTICO_USD_M1_H48_plan | 274393 | 25.2 [24.0,26.2] | 9.7 | -0.614 | 24.9 | 24.9 | 22.9 (197398) | 29.8 (52214) | 32.2 (16967) | 34.0 (5673) | 43.3 (2141) |  | None |
| XAU_USD_M1_H48_plan | 278595 | 22.8 [21.6,23.8] | 8.9 | -0.705 | 22.0 | 22.1 | 18.8 (173981) | 26.9 (59945) | 31.1 (30630) | 34.6 (11396) | 40.6 (2643) |  | None |
| EUR_USD_M1_H12_plan | 290008 | 20.8 [20.0,21.5] | 12.2 | -0.868 | 19.7 | 19.4 | 12.0 (140815) | 23.8 (39026) | 27.2 (36859) | 31.3 (52237) | 36.3 (21071) |  | None |
| EUR_USD_M1_H48_plan | 290008 | 18.6 [17.9,19.2] | 7.1 | -0.872 | 17.6 | 17.5 | 13.2 (178492) | 24.8 (61747) | 27.8 (29128) | 32.1 (15882) | 37.4 (4759) |  | None |
| XAG_USD_M1_H12_plan | 251377 | 8.5 [7.8,9.3] | 4.9 | -1.538 | 8.2 | 8.3 | 3.5 (178237) | 15.9 (21171) | 18.9 (16685) | 21.7 (22995) | 29.9 (12289) |  | None |
| XAG_USD_M1_H48_plan | 251377 | 7.7 [7.0,8.3] | 3.0 | -1.536 | 7.4 | 7.6 | 4.1 (193312) | 17.3 (27904) | 17.9 (15292) | 23.0 (11218) | 30.7 (3651) |  | None |

pooled_all dev: all: hit 39.7 [39.3,40.0] long 39.1 ST 38.2 pos 24.7 n 5834375; 0-1: hit 37.0 [36.6,37.4] long 36.9 ST 36.7 pos 22.8 n 2330384; 1-2: hit 40.4 [40.1,40.7] long 39.7 ST 39.3 pos 24.7 n 1004783; 2-3: hit 41.5 [41.2,41.8] long 40.8 ST 40.1 pos 25.5 n 763597; 3-5: hit 43.1 [42.8,43.4] long 42.1 ST 41.3 pos 26.7 n 954935; >=5: hit 46.0 [45.7,46.4] long 44.6 ST 42.7 pos 29.4 n 780676
pooled_M1 dev: all: hit 34.8 [34.4,35.2] long 34.2 ST 33.4 pos 21.4 n 4314807; 0-1: hit 31.6 [31.2,32.0] long 31.5 ST 31.2 pos 19.4 n 1989211; 1-2: hit 37.1 [36.8,37.4] long 36.3 ST 35.9 pos 22.3 n 701277; 2-3: hit 38.5 [38.2,38.8] long 37.6 ST 36.8 pos 23.2 n 518157; 3-5: hit 40.6 [40.3,40.9] long 39.4 ST 38.4 pos 24.6 n 630283; >=5: hit 44.8 [44.3,45.3] long 42.9 ST 41.1 pos 27.9 n 475879
pooled_M5 dev: all: hit 45.0 [44.7,45.3] long 44.4 ST 43.5 pos 29.4 n 1131281; 0-1: hit 42.7 [42.2,43.1] long 42.6 ST 42.5 pos 27.4 n 254937; 1-2: hit 44.2 [43.8,44.6] long 43.6 ST 43.3 pos 28.4 n 226310; 2-3: hit 45.0 [44.6,45.4] long 44.5 ST 44.0 pos 29.2 n 182872; 3-5: hit 46.3 [45.9,46.7] long 45.3 ST 44.6 pos 30.3 n 240846; >=5: hit 47.8 [47.3,48.3] long 47.0 ST 44.7 pos 32.3 n 226316
pooled_M15 dev: all: hit 43.1 [42.5,43.6] long 42.4 ST 41.7 pos 23.9 n 388287; 0-1: hit 41.4 [40.8,42.0] long 41.4 ST 41.2 pos 22.6 n 86236; 1-2: hit 42.1 [41.3,42.8] long 41.7 ST 41.3 pos 23.1 n 77196; 2-3: hit 43.1 [42.3,43.9] long 42.6 ST 41.3 pos 23.7 n 62568; 3-5: hit 43.8 [43.0,44.6] long 43.0 ST 42.7 pos 24.4 n 83806; >=5: hit 45.7 [44.7,46.8] long 44.2 ST 42.9 pos 26.6 n 78481

