VERDICT (SPX500 on1 gross bps, CI lb > 0 in both windows): FAIL lb {'dev': -3.7073134975245527, 'w2023': -0.8219051063754063}

inst        win    valid skipB skipP Rmed | sig   n    gross bps [CI]        MDE80  gross R [CI]        net bps [CI]          hit
SPX500/USD  dev    1207   80   4  15.4 | on1          1207 -1.87 [-3.71,-0.05]  2.71 -0.151 [-0.29,-0.02] -3.06 [-4.90,-1.26] 0.476
SPX500/USD  dev    1207   80   4  15.4 | r1           1200 -1.14 [-3.14,+1.18]  2.98 -0.066 [-0.21,+0.09] -2.34 [-4.35,-0.03] 0.475
SPX500/USD  dev    1207   80   4  15.4 | r12          1189 +2.17 [+0.27,+3.99]  2.63 +0.168 [+0.04,+0.30] +0.98 [-0.92,+2.80] 0.511
SPX500/USD  dev    1207   80   4  15.4 | both          580 +0.35 [-1.92,+2.69]  3.39 +0.018 [-0.16,+0.19] -0.84 [-3.11,+1.51] 0.497
SPX500/USD  dev    1207   80   4  15.4 | on1|big1=1    416 -3.29 [-7.12,+0.31]  5.12 -0.215 [-0.49,+0.06] -4.42 [-8.21,-0.81] 0.490
SPX500/USD  dev    1207   80   4  15.4 | on1|big1=0    731 -1.26 [-3.17,+1.19]  3.07 -0.095 [-0.26,+0.08] -2.44 [-4.37,+0.01] 0.469
SPX500/USD  dev    1207   80   4  15.4 | on1|hivol=1   428 -3.46 [-7.59,+0.55]  5.90 -0.202 [-0.52,+0.10] -4.57 [-8.71,-0.55] 0.479
SPX500/USD  dev    1207   80   4  15.4 | on1|hivol=0   719 -1.12 [-2.68,+0.66]  2.40 -0.101 [-0.22,+0.02] -2.32 [-3.90,-0.51] 0.476
                   drift long -1.52 bps
                   reg_on_r1 R2 0.0174 r_on -0.0578 [-0.1070,-0.0094] r1 +0.0076 [-0.0944,+0.1218]
                   reg_on_r1_r12 R2 0.0316 r_on -0.0568 [-0.1043,-0.0097] r1 +0.0106 [-0.0916,+0.1266] r12 +0.1752 [+0.0155,+0.2970]
SPX500/USD  w2023   930   41   1  10.3 | on1           930 +0.59 [-0.82,+2.07]  2.08 +0.038 [-0.09,+0.17] -0.09 [-1.49,+1.38] 0.499
SPX500/USD  w2023   930   41   1  10.3 | r1            930 -0.07 [-1.39,+1.38]  2.00 -0.037 [-0.16,+0.09] -0.75 [-2.07,+0.70] 0.484
SPX500/USD  w2023   930   41   1  10.3 | r12           910 -0.57 [-1.98,+0.86]  2.00 -0.013 [-0.14,+0.11] -1.25 [-2.66,+0.18] 0.487
SPX500/USD  w2023   930   41   1  10.3 | both          480 -0.04 [-1.81,+1.82]  2.63 +0.018 [-0.14,+0.19] -0.71 [-2.48,+1.14] 0.487
SPX500/USD  w2023   930   41   1  10.3 | on1|big1=1    274 -1.80 [-4.74,+1.29]  4.27 -0.125 [-0.36,+0.13] -2.48 [-5.41,+0.63] 0.456
SPX500/USD  w2023   930   41   1  10.3 | on1|big1=0    656 +1.59 [-0.02,+3.29]  2.36 +0.106 [-0.04,+0.26] +0.91 [-0.70,+2.61] 0.517
SPX500/USD  w2023   930   41   1  10.3 | on1|hivol=1   247 +0.97 [-2.83,+4.59]  5.23 +0.136 [-0.18,+0.45] +0.29 [-3.52,+3.91] 0.514
SPX500/USD  w2023   930   41   1  10.3 | on1|hivol=0   683 +0.45 [-1.04,+2.04]  2.21 +0.003 [-0.13,+0.15] -0.23 [-1.71,+1.36] 0.493
                   drift long +0.41 bps
                   reg_on_r1 R2 0.0010 r_on -0.0118 [-0.0426,+0.0182] r1 -0.0036 [-0.0680,+0.0712]
                   reg_on_r1_r12 R2 0.0010 r_on -0.0119 [-0.0428,+0.0180] r1 -0.0032 [-0.0688,+0.0766] r12 -0.0070 [-0.1300,+0.1105]
WTICO/USD   dev    1256   34   1  26.8 | on1          1256 +0.18 [-4.29,+5.55]  7.10 -0.024 [-0.15,+0.12] -5.15 [-9.61,+0.13] 0.465
WTICO/USD   dev    1256   34   1  26.8 | r1           1253 -1.29 [-6.09,+3.49]  6.90 -0.050 [-0.19,+0.08] -6.62 [-11.42,-1.95] 0.475
WTICO/USD   dev    1256   34   1  26.8 | r12          1243 +1.76 [-2.69,+6.23]  6.43 +0.047 [-0.07,+0.18] -3.58 [-8.15,+0.86] 0.492
WTICO/USD   dev    1256   34   1  26.8 | both          631 +1.91 [-4.35,+8.60]  9.23 +0.021 [-0.16,+0.21] -3.53 [-9.72,+2.98] 0.463
WTICO/USD   dev    1256   34   1  26.8 | on1|big1=1    457 +1.04 [-7.40,+10.04] 12.50 +0.045 [-0.19,+0.32] -4.57 [-13.04,+4.15] 0.466
WTICO/USD   dev    1256   34   1  26.8 | on1|big1=0    739 +0.40 [-4.68,+6.63]  8.08 -0.043 [-0.18,+0.12] -4.80 [-9.76,+1.48] 0.468
WTICO/USD   dev    1256   34   1  26.8 | on1|hivol=1   518 +4.55 [-5.05,+16.39] 15.72 +0.084 [-0.18,+0.40] -1.28 [-10.92,+10.23] 0.461
WTICO/USD   dev    1256   34   1  26.8 | on1|hivol=0   678 -2.34 [-5.31,+0.85]  4.54 -0.081 [-0.20,+0.05] -7.33 [-10.30,-4.10] 0.472
                   drift long -1.16 bps
                   reg_on_r1 R2 0.0181 r_on +0.0487 [-0.0128,+0.0991] r1 -0.0362 [-0.1565,+0.0949]
                   reg_on_r1_r12 R2 0.0187 r_on +0.0484 [-0.0130,+0.1005] r1 -0.0358 [-0.1556,+0.0971] r12 +0.0445 [-0.3804,+0.3935]
WTICO/USD   w2023   957   15   0  22.6 | on1           957 -1.84 [-4.78,+0.62]  3.86 -0.070 [-0.20,+0.05] -6.10 [-9.04,-3.60] 0.485
WTICO/USD   w2023   957   15   0  22.6 | r1            954 -0.72 [-3.76,+1.62]  3.87 -0.031 [-0.17,+0.08] -4.99 [-8.05,-2.62] 0.499
WTICO/USD   w2023   957   15   0  22.6 | r12           950 +0.61 [-2.18,+2.87]  3.64 +0.033 [-0.09,+0.14] -3.66 [-6.42,-1.42] 0.497
WTICO/USD   w2023   957   15   0  22.6 | both          471 -1.16 [-5.64,+2.25]  5.54 -0.034 [-0.24,+0.13] -5.39 [-9.82,-2.01] 0.486
WTICO/USD   w2023   957   15   0  22.6 | on1|big1=1    315 -3.16 [-9.41,+2.17]  8.38 -0.147 [-0.45,+0.12] -7.46 [-13.71,-2.14] 0.498
WTICO/USD   w2023   957   15   0  22.6 | on1|big1=0    642 -1.19 [-4.34,+1.59]  4.23 -0.032 [-0.17,+0.09] -5.44 [-8.57,-2.67] 0.478
WTICO/USD   w2023   957   15   0  22.6 | on1|hivol=1   293 -7.44 [-13.91,-1.28]  9.08 -0.311 [-0.62,-0.01] -11.78 [-18.24,-5.58] 0.471
WTICO/USD   w2023   957   15   0  22.6 | on1|hivol=0   664 +0.64 [-1.87,+2.78]  3.42 +0.036 [-0.08,+0.14] -3.60 [-6.12,-1.49] 0.491
                   drift long -1.01 bps
                   reg_on_r1 R2 0.0017 r_on -0.0064 [-0.0321,+0.0152] r1 -0.0262 [-0.0936,+0.0297]
                   reg_on_r1_r12 R2 0.0037 r_on -0.0066 [-0.0316,+0.0151] r1 -0.0240 [-0.0928,+0.0321] r12 +0.0506 [-0.0854,+0.1842]
NATGAS/USD  dev     733  521  37  51.0 | on1           733 +2.07 [-4.57,+9.40] 10.02 +0.030 [-0.11,+0.18] -17.40 [-24.32,-10.05] 0.520
NATGAS/USD  dev     733  521  37  51.0 | r1            723 +1.53 [-6.44,+8.89] 11.30 +0.006 [-0.16,+0.17] -17.88 [-25.93,-10.19] 0.505
NATGAS/USD  dev     733  521  37  51.0 | r12           716 -2.54 [-9.56,+4.37]  9.72 -0.061 [-0.21,+0.08] -21.84 [-28.95,-14.78] 0.485
NATGAS/USD  dev     733  521  37  51.0 | both          344 -0.83 [-11.15,+9.85] 14.72 -0.036 [-0.26,+0.19] -20.03 [-30.10,-9.19] 0.509
NATGAS/USD  dev     733  521  37  51.0 | on1|big1=1    255 -2.12 [-14.39,+10.68] 18.34 -0.050 [-0.31,+0.20] -21.86 [-34.15,-8.87] 0.518
NATGAS/USD  dev     733  521  37  51.0 | on1|big1=0    418 +4.62 [-4.25,+14.07] 13.13 +0.058 [-0.12,+0.25] -14.60 [-23.79,-4.94] 0.514
NATGAS/USD  dev     733  521  37  51.0 | on1|hivol=1   292 +6.04 [-5.08,+17.42] 16.67 +0.113 [-0.12,+0.35] -13.35 [-24.38,-1.82] 0.541
NATGAS/USD  dev     733  521  37  51.0 | on1|hivol=0   381 -0.98 [-9.83,+8.26] 12.89 -0.056 [-0.23,+0.12] -20.41 [-29.52,-10.59] 0.496
                   drift long -9.94 bps
                   reg_on_r1 R2 0.0044 r_on +0.0084 [-0.0158,+0.0308] r1 +0.0553 [-0.0376,+0.1462]
                   reg_on_r1_r12 R2 0.0066 r_on +0.0075 [-0.0169,+0.0301] r1 +0.0560 [-0.0364,+0.1488] r12 -0.0657 [-0.2000,+0.0625]
NATGAS/USD  w2023   522  409  41  46.3 | on1           522 +1.93 [-5.87,+9.57] 10.86 +0.049 [-0.10,+0.20] -19.65 [-27.45,-11.78] 0.538
NATGAS/USD  w2023   522  409  41  46.3 | r1            516 -1.54 [-9.45,+5.99] 10.71 -0.054 [-0.19,+0.10] -23.11 [-31.03,-15.61] 0.492
NATGAS/USD  w2023   522  409  41  46.3 | r12           514 -2.59 [-9.43,+4.32] 10.07 -0.056 [-0.19,+0.07] -24.16 [-31.12,-17.18] 0.463
NATGAS/USD  w2023   522  409  41  46.3 | both          255 -1.21 [-11.42,+7.88] 14.13 -0.018 [-0.23,+0.16] -22.25 [-32.76,-12.99] 0.510
NATGAS/USD  w2023   522  409  41  46.3 | on1|big1=1    156 -1.15 [-17.50,+13.11] 21.71 -0.020 [-0.32,+0.28] -22.50 [-39.19,-8.23] 0.526
NATGAS/USD  w2023   522  409  41  46.3 | on1|big1=0    366 +3.24 [-5.05,+12.00] 11.95 +0.078 [-0.09,+0.24] -18.43 [-27.07,-9.71] 0.544
NATGAS/USD  w2023   522  409  41  46.3 | on1|hivol=1   127 +2.78 [-16.72,+22.61] 28.28 +0.108 [-0.27,+0.49] -17.96 [-38.31,+2.28] 0.551
NATGAS/USD  w2023   522  409  41  46.3 | on1|hivol=0   395 +1.65 [-5.63,+8.67] 10.49 +0.030 [-0.12,+0.17] -20.19 [-27.77,-13.07] 0.534
                   drift long +6.94 bps
                   reg_on_r1 R2 0.0015 r_on +0.0079 [-0.0146,+0.0306] r1 -0.0169 [-0.1196,+0.0737]
                   reg_on_r1_r12 R2 0.0074 r_on +0.0083 [-0.0140,+0.0311] r1 -0.0189 [-0.1190,+0.0707] r12 -0.0955 [-0.2429,+0.0488]
XAU/USD     dev    1255   35   1   6.3 | on1          1255 +0.52 [-0.20,+1.26]  1.01 +0.104 [-0.02,+0.22] -2.16 [-2.94,-1.46] 0.518
XAU/USD     dev    1255   35   1   6.3 | r1           1255 -0.44 [-1.10,+0.27]  1.01 -0.080 [-0.19,+0.03] -3.12 [-3.93,-2.35] 0.484
XAU/USD     dev    1255   35   1   6.3 | r12          1255 -0.12 [-0.81,+0.50]  0.89 -0.048 [-0.16,+0.06] -2.80 [-3.48,-2.08] 0.513
XAU/USD     dev    1255   35   1   6.3 | both          630 +0.40 [-0.52,+1.33]  1.35 +0.055 [-0.11,+0.21] -2.32 [-3.23,-1.41] 0.532
XAU/USD     dev    1255   35   1   6.3 | on1|big1=1    432 +1.24 [-0.31,+2.75]  2.18 +0.208 [-0.05,+0.47] -1.80 [-3.42,-0.31] 0.528
XAU/USD     dev    1255   35   1   6.3 | on1|big1=0    763 +0.18 [-0.55,+1.02]  1.13 +0.060 [-0.06,+0.19] -2.30 [-3.11,-1.47] 0.515
XAU/USD     dev    1255   35   1   6.3 | on1|hivol=1   449 +0.55 [-0.99,+2.07]  2.23 +0.097 [-0.16,+0.38] -3.03 [-4.72,-1.41] 0.492
XAU/USD     dev    1255   35   1   6.3 | on1|hivol=0   746 +0.57 [-0.08,+1.21]  0.94 +0.123 [+0.01,+0.22] -1.57 [-2.23,-0.92] 0.536
                   drift long -0.12 bps
                   reg_on_r1 R2 0.0168 r_on +0.0264 [+0.0067,+0.0477] r1 +0.0023 [-0.0391,+0.0479]
                   reg_on_r1_r12 R2 0.0168 r_on +0.0263 [+0.0067,+0.0473] r1 +0.0024 [-0.0394,+0.0479] r12 +0.0070 [-0.0675,+0.0964]
XAU/USD     w2023   968    4   0   7.7 | on1           968 +0.09 [-0.99,+1.38]  1.64 +0.021 [-0.14,+0.18] -1.50 [-2.57,-0.25] 0.512
XAU/USD     w2023   968    4   0   7.7 | r1            968 +0.12 [-0.95,+1.41]  1.65 +0.033 [-0.12,+0.20] -1.48 [-2.53,-0.21] 0.510
XAU/USD     w2023   968    4   0   7.7 | r12           968 -0.39 [-1.26,+0.63]  1.34 -0.030 [-0.15,+0.11] -1.98 [-2.87,-0.98] 0.477
XAU/USD     w2023   968    4   0   7.7 | both          476 -0.30 [-1.90,+1.45]  2.33 -0.009 [-0.24,+0.24] -1.89 [-3.48,-0.16] 0.489
XAU/USD     w2023   968    4   0   7.7 | on1|big1=1    337 +2.07 [-0.20,+4.92]  3.66 +0.256 [-0.05,+0.61] +0.45 [-1.80,+3.23] 0.573
XAU/USD     w2023   968    4   0   7.7 | on1|big1=0    631 -0.96 [-1.98,-0.00]  1.46 -0.104 [-0.26,+0.04] -2.55 [-3.57,-1.58] 0.480
XAU/USD     w2023   968    4   0   7.7 | on1|hivol=1   338 +0.81 [-1.73,+3.77]  3.85 +0.095 [-0.25,+0.47] -0.83 [-3.38,+2.03] 0.530
XAU/USD     w2023   968    4   0   7.7 | on1|hivol=0   630 -0.29 [-1.28,+0.58]  1.30 -0.018 [-0.16,+0.11] -1.86 [-2.85,-0.98] 0.503
                   drift long -0.86 bps
                   reg_on_r1 R2 0.0176 r_on -0.0005 [-0.0258,+0.0284] r1 +0.0704 [-0.0027,+0.1775]
                   reg_on_r1_r12 R2 0.0294 r_on -0.0003 [-0.0263,+0.0273] r1 +0.0655 [-0.0024,+0.1438] r12 +0.1250 [-0.1244,+0.3839]
XAG/USD     dev     886  371  34  14.1 | on1           886 +1.72 [-0.46,+4.01]  3.21 +0.102 [-0.07,+0.28] -7.49 [-9.54,-5.32] 0.503
XAG/USD     dev     886  371  34  14.1 | r1            886 -0.83 [-2.75,+1.01]  2.70 -0.085 [-0.23,+0.05] -10.05 [-12.08,-8.19] 0.467
XAG/USD     dev     886  371  34  14.1 | r12           885 +0.36 [-1.52,+2.10]  2.49 +0.018 [-0.12,+0.15] -8.86 [-10.85,-7.00] 0.490
XAG/USD     dev     886  371  34  14.1 | both          467 +1.96 [-0.78,+4.78]  3.77 +0.113 [-0.09,+0.31] -7.28 [-9.85,-4.67] 0.495
XAG/USD     dev     886  371  34  14.1 | on1|big1=1    305 +1.46 [-2.84,+6.01]  6.27 +0.095 [-0.23,+0.44] -8.21 [-12.23,-4.16] 0.446
XAG/USD     dev     886  371  34  14.1 | on1|big1=0    521 +2.05 [-0.29,+4.06]  3.11 +0.128 [-0.04,+0.27] -6.69 [-8.99,-4.71] 0.541
XAG/USD     dev     886  371  34  14.1 | on1|hivol=1   346 +3.34 [-1.17,+7.95]  6.59 +0.210 [-0.13,+0.59] -6.98 [-11.31,-2.46] 0.480
XAG/USD     dev     886  371  34  14.1 | on1|hivol=0   480 +0.75 [-1.35,+2.75]  2.90 +0.047 [-0.10,+0.19] -7.44 [-9.53,-5.53] 0.525
                   drift long -0.28 bps
                   reg_on_r1 R2 0.0464 r_on +0.0405 [+0.0083,+0.0776] r1 -0.0254 [-0.0967,+0.0387]
                   reg_on_r1_r12 R2 0.0472 r_on +0.0410 [+0.0077,+0.0774] r1 -0.0258 [-0.0953,+0.0357] r12 -0.0291 [-0.1539,+0.1248]
XAG/USD     w2023   961   11   0  11.6 | on1           961 -0.54 [-2.57,+1.74]  3.05 +0.004 [-0.12,+0.14] -6.99 [-9.01,-4.79] 0.517
XAG/USD     w2023   961   11   0  11.6 | r1            959 +1.20 [-1.20,+4.59]  4.11 +0.077 [-0.07,+0.25] -5.26 [-7.60,-1.90] 0.512
XAG/USD     w2023   961   11   0  11.6 | r12           959 -1.05 [-3.22,+1.43]  3.36 -0.067 [-0.21,+0.08] -7.51 [-9.64,-5.12] 0.480
XAG/USD     w2023   961   11   0  11.6 | both          463 -1.67 [-5.33,+2.49]  5.72 -0.066 [-0.29,+0.18] -8.15 [-11.73,-4.17] 0.497
XAG/USD     w2023   961   11   0  11.6 | on1|big1=1    324 +0.25 [-5.49,+8.18]  9.68 +0.107 [-0.22,+0.51] -6.38 [-11.94,+1.09] 0.522
XAG/USD     w2023   961   11   0  11.6 | on1|big1=0    637 -0.94 [-3.00,+0.93]  2.84 -0.048 [-0.19,+0.09] -7.30 [-9.39,-5.48] 0.515
XAG/USD     w2023   961   11   0  11.6 | on1|hivol=1   323 -0.75 [-5.87,+5.33]  7.81 +0.053 [-0.22,+0.38] -7.36 [-12.43,-1.54] 0.495
XAG/USD     w2023   961   11   0  11.6 | on1|hivol=0   638 -0.44 [-1.99,+1.24]  2.23 -0.021 [-0.14,+0.10] -6.80 [-8.30,-5.19] 0.528
                   drift long -1.03 bps
                   reg_on_r1 R2 0.0243 r_on -0.0049 [-0.0476,+0.0373] r1 +0.1130 [-0.0211,+0.3349]
                   reg_on_r1_r12 R2 0.1019 r_on -0.0081 [-0.0461,+0.0230] r1 +0.0899 [-0.0214,+0.2047] r12 +0.3267 [-0.2210,+0.6831]
EUR/USD     dev     960  336   1   1.7 | on1           960 +0.20 [-0.03,+0.42]  0.33 +0.116 [-0.03,+0.25] -2.16 [-2.42,-1.92] 0.540
EUR/USD     dev     960  336   1   1.7 | r1            953 -0.17 [-0.41,+0.07]  0.33 -0.110 [-0.24,+0.03] -2.54 [-2.80,-2.29] 0.484
EUR/USD     dev     960  336   1   1.7 | r12           951 -0.08 [-0.30,+0.13]  0.31 -0.076 [-0.21,+0.05] -2.45 [-2.70,-2.23] 0.469
EUR/USD     dev     960  336   1   1.7 | both          467 +0.13 [-0.19,+0.45]  0.47 +0.047 [-0.15,+0.24] -2.29 [-2.64,-1.93] 0.512
EUR/USD     dev     960  336   1   1.7 | on1|big1=1    282 +0.11 [-0.42,+0.63]  0.75 +0.050 [-0.28,+0.36] -2.36 [-2.94,-1.81] 0.518
EUR/USD     dev     960  336   1   1.7 | on1|big1=0    618 +0.18 [-0.06,+0.41]  0.35 +0.128 [-0.03,+0.27] -2.10 [-2.37,-1.82] 0.552
EUR/USD     dev     960  336   1   1.7 | on1|hivol=1   245 +0.01 [-0.63,+0.66]  0.94 -0.007 [-0.39,+0.39] -2.51 [-3.19,-1.82] 0.518
EUR/USD     dev     960  336   1   1.7 | on1|hivol=0   655 +0.21 [+0.00,+0.43]  0.30 +0.144 [+0.02,+0.28] -2.06 [-2.29,-1.83] 0.550
                   drift long -0.33 bps
                   reg_on_r1 R2 0.0021 r_on +0.0043 [-0.0086,+0.0159] r1 -0.0128 [-0.0457,+0.0198]
                   reg_on_r1_r12 R2 0.0039 r_on +0.0042 [-0.0084,+0.0158] r1 -0.0131 [-0.0463,+0.0197] r12 -0.0444 [-0.1287,+0.0570]
EUR/USD     w2023   632  342   3   1.6 | on1           632 +0.17 [-0.10,+0.49]  0.43 +0.057 [-0.14,+0.26] -1.55 [-1.83,-1.24] 0.521
EUR/USD     w2023   632  342   3   1.6 | r1            631 +0.33 [+0.08,+0.59]  0.38 +0.231 [+0.05,+0.41] -1.40 [-1.65,-1.13] 0.529
EUR/USD     w2023   632  342   3   1.6 | r12           628 -0.31 [-0.59,-0.03]  0.40 -0.176 [-0.36,+0.03] -2.04 [-2.34,-1.74] 0.430
EUR/USD     w2023   632  342   3   1.6 | both          328 -0.14 [-0.45,+0.18]  0.44 -0.119 [-0.32,+0.07] -1.82 [-2.14,-1.50] 0.454
EUR/USD     w2023   632  342   3   1.6 | on1|big1=1    212 +0.36 [-0.29,+1.00]  0.98 +0.104 [-0.38,+0.56] -1.45 [-2.08,-0.77] 0.538
EUR/USD     w2023   632  342   3   1.6 | on1|big1=0    420 +0.08 [-0.18,+0.36]  0.39 +0.033 [-0.14,+0.21] -1.60 [-1.87,-1.32] 0.512
EUR/USD     w2023   632  342   3   1.6 | on1|hivol=1   216 +0.29 [-0.43,+1.13]  1.10 +0.055 [-0.46,+0.59] -1.57 [-2.31,-0.74] 0.528
EUR/USD     w2023   632  342   3   1.6 | on1|hivol=0   416 +0.11 [-0.12,+0.34]  0.33 +0.058 [-0.09,+0.21] -1.54 [-1.78,-1.31] 0.517
                   drift long +0.61 bps
                   reg_on_r1 R2 0.0206 r_on +0.0079 [-0.0139,+0.0264] r1 +0.0637 [+0.0073,+0.1178]
                   reg_on_r1_r12 R2 0.0304 r_on +0.0082 [-0.0138,+0.0272] r1 +0.0649 [+0.0073,+0.1184] r12 -0.0926 [-0.2455,+0.0715]
