rescan26: POST-HOC gross re-scoring of existing campaigns (descriptive; no new prereg)
Gross = mid fills, no spread, entry at the next bar open after the signal is known (campaign's own entry rule).
Net = the campaign's bid/ask result (secondary). Day-block bootstrap: validate.day_boot block 5, 1000 reps, seed 26.
HOLDS_GROSS = gross mean R CI low > 0 in BOTH dev and w2023. Holm across all checked rows on p_row_z = max(p_dev, p_w2023), one-sided normal p from the bootstrap SE.
2023+ is a development window, not a holdout. Rows overlap (POOLED and per-instrument, variants share trades), so Holm is conservative.
rows total 453; checked (n >= 20 in both windows) 418; HOLDS_GROSS raw 3; HOLDS_GROSS after Holm 0

campaign   variant                    inst        |  dev n                  gross dev   hit net dev |  w23 n                gross w2023   hit net w23 | flag
daytype14  rmid_120                   POOLED      |   1226    +0.015 [-0.044, +0.072] 0.517  -0.110 |   1236    -0.035 [-0.099, +0.017] 0.496  -0.156 | 
daytype14  rmid_120                   EUR/USD     |    245    +0.022 [-0.104, +0.137] 0.596  -0.086 |    232    -0.050 [-0.166, +0.045] 0.595  -0.203 | 
daytype14  rmid_120                   NATGAS/USD  |     83    -0.096 [-0.266, +0.091] 0.542  -0.228 |     88    -0.113 [-0.242, +0.034] 0.511  -0.267 | 
daytype14  rmid_120                   SPX500/USD  |    240    +0.166 [-0.019, +0.328] 0.487  +0.066 |    227    -0.102 [-0.260, +0.030] 0.401  -0.204 | 
daytype14  rmid_120                   WTICO/USD   |    284    -0.007 [-0.118, +0.111] 0.496  -0.136 |    269    +0.093 [-0.051, +0.224] 0.509  -0.038 | 
daytype14  rmid_120                   XAG/USD     |    153    -0.032 [-0.172, +0.100] 0.529  -0.179 |    190    -0.044 [-0.175, +0.103] 0.495  -0.177 | 
daytype14  rmid_120                   XAU/USD     |    221    -0.056 [-0.190, +0.076] 0.471  -0.203 |    230    -0.065 [-0.207, +0.090] 0.470  -0.141 | 
daytype14  rmid_240                   POOLED      |    825    +0.002 [-0.070, +0.078] 0.463  -0.138 |    857    -0.043 [-0.117, +0.027] 0.443  -0.157 | 
daytype14  rmid_240                   EUR/USD     |    234    +0.059 [-0.076, +0.214] 0.560  -0.032 |    242    -0.118 [-0.242, -0.014] 0.504  -0.219 | 
daytype14  rmid_240                   NATGAS/USD  |     54    -0.054 [-0.312, +0.219] 0.481  -0.231 |     53    -0.118 [-0.286, +0.053] 0.509  -0.258 | 
daytype14  rmid_240                   SPX500/USD  |    192    -0.005 [-0.197, +0.154] 0.391  -0.152 |    155    +0.028 [-0.159, +0.239] 0.419  -0.015 | 
daytype14  rmid_240                   WTICO/USD   |    170    -0.074 [-0.244, +0.094] 0.400  -0.217 |    151    -0.026 [-0.226, +0.155] 0.411  -0.155 | 
daytype14  rmid_240                   XAG/USD     |     53    +0.061 [-0.225, +0.341] 0.528  -0.182 |    100    +0.021 [-0.179, +0.236] 0.450  -0.142 | 
daytype14  rmid_240                   XAU/USD     |    122    +0.011 [-0.212, +0.184] 0.443  -0.147 |    156    -0.031 [-0.194, +0.150] 0.378  -0.178 | 
daytype14  rvwap_120                  POOLED      |   1071    -0.016 [-0.088, +0.055] 0.513  -0.128 |   1054    -0.050 [-0.111, +0.015] 0.491  -0.162 | 
daytype14  rvwap_120                  EUR/USD     |    235    -0.081 [-0.209, +0.059] 0.553  -0.163 |    204    -0.155 [-0.299, -0.019] 0.505  -0.252 | 
daytype14  rvwap_120                  NATGAS/USD  |     65    +0.135 [-0.084, +0.407] 0.615  +0.033 |     63    -0.110 [-0.277, +0.093] 0.413  -0.250 | 
daytype14  rvwap_120                  SPX500/USD  |    223    +0.104 [-0.083, +0.301] 0.457  +0.028 |    202    -0.158 [-0.317, -0.015] 0.396  -0.237 | 
daytype14  rvwap_120                  WTICO/USD   |    247    -0.082 [-0.210, +0.060] 0.494  -0.221 |    237    +0.045 [-0.092, +0.173] 0.527  -0.078 | 
daytype14  rvwap_120                  XAG/USD     |    117    +0.007 [-0.155, +0.185] 0.564  -0.133 |    152    +0.050 [-0.107, +0.236] 0.553  -0.103 | 
daytype14  rvwap_120                  XAU/USD     |    184    -0.058 [-0.219, +0.093] 0.484  -0.204 |    196    -0.001 [-0.147, +0.174] 0.510  -0.108 | 
daytype14  rvwap_240                  POOLED      |    760    -0.050 [-0.115, +0.023] 0.475  -0.165 |    758    -0.061 [-0.133, +0.019] 0.482  -0.149 | 
daytype14  rvwap_240                  EUR/USD     |    225    +0.032 [-0.100, +0.180] 0.564  -0.067 |    224    -0.166 [-0.287, -0.055] 0.500  -0.257 | 
daytype14  rvwap_240                  NATGAS/USD  |     45    -0.101 [-0.344, +0.155] 0.533  -0.218 |     43    -0.129 [-0.323, +0.061] 0.465  -0.237 | 
daytype14  rvwap_240                  SPX500/USD  |    177    -0.145 [-0.335, +0.014] 0.362  -0.219 |    137    +0.108 [-0.106, +0.330] 0.504  +0.060 | 
daytype14  rvwap_240                  WTICO/USD   |    155    -0.087 [-0.256, +0.088] 0.432  -0.217 |    133    +0.038 [-0.171, +0.229] 0.496  -0.085 | 
daytype14  rvwap_240                  XAG/USD     |     46    +0.002 [-0.246, +0.305] 0.522  -0.183 |     87    -0.074 [-0.251, +0.139] 0.483  -0.164 | 
daytype14  rvwap_240                  XAU/USD     |    112    -0.017 [-0.214, +0.147] 0.491  -0.174 |    134    -0.126 [-0.284, +0.036] 0.418  -0.204 | 
daytype14  switch_120                 POOLED      |   2040    -0.003 [-0.058, +0.048] 0.401  -0.130 |   1975    -0.043 [-0.098, +0.006] 0.401  -0.158 | 
daytype14  switch_120                 EUR/USD     |    493    -0.061 [-0.157, +0.034] 0.377  -0.181 |    347    -0.137 [-0.234, -0.045] 0.447  -0.267 | 
daytype14  switch_120                 NATGAS/USD  |    181    +0.021 [-0.152, +0.204] 0.403  -0.157 |    115    -0.056 [-0.211, +0.117] 0.461  -0.228 | 
daytype14  switch_120                 SPX500/USD  |    392    +0.098 [-0.025, +0.227] 0.388  +0.033 |    340    -0.074 [-0.215, +0.047] 0.341  -0.170 | 
daytype14  switch_120                 WTICO/USD   |    407    -0.045 [-0.139, +0.057] 0.410  -0.165 |    416    +0.022 [-0.092, +0.142] 0.416  -0.120 | 
daytype14  switch_120                 XAG/USD     |    213    +0.012 [-0.123, +0.159] 0.479  -0.151 |    338    +0.037 [-0.077, +0.177] 0.414  -0.088 | 
daytype14  switch_120                 XAU/USD     |    354    -0.005 [-0.135, +0.118] 0.393  -0.172 |    419    -0.066 [-0.171, +0.046] 0.370  -0.134 | 
daytype14  switch_240                 POOLED      |   1479    -0.003 [-0.062, +0.059] 0.359  -0.136 |   1446    -0.077 [-0.141, -0.016] 0.352  -0.184 | 
daytype14  switch_240                 EUR/USD     |    473    -0.005 [-0.097, +0.099] 0.362  -0.107 |    343    -0.155 [-0.264, -0.058] 0.402  -0.274 | 
daytype14  switch_240                 NATGAS/USD  |    122    -0.022 [-0.229, +0.202] 0.361  -0.218 |     68    -0.090 [-0.256, +0.083] 0.471  -0.206 | 
daytype14  switch_240                 SPX500/USD  |    302    +0.014 [-0.125, +0.160] 0.331  -0.102 |    257    -0.012 [-0.177, +0.136] 0.339  -0.060 | 
daytype14  switch_240                 WTICO/USD   |    280    -0.015 [-0.145, +0.123] 0.371  -0.158 |    266    -0.070 [-0.212, +0.073] 0.350  -0.192 | 
daytype14  switch_240                 XAG/USD     |     66    +0.169 [-0.096, +0.458] 0.515  -0.071 |    194    -0.120 [-0.267, +0.047] 0.325  -0.243 | 
daytype14  switch_240                 XAU/USD     |    236    -0.045 [-0.194, +0.076] 0.331  -0.188 |    318    -0.023 [-0.168, +0.118] 0.302  -0.139 | 
daytype14  trend_120                  POOLED      |    814    -0.029 [-0.140, +0.078] 0.227  -0.160 |    739    -0.057 [-0.154, +0.044] 0.242  -0.161 | 
daytype14  trend_120                  EUR/USD     |    248    -0.142 [-0.304, +0.016] 0.161  -0.274 |    115    -0.315 [-0.491, -0.113] 0.148  -0.396 | 
daytype14  trend_120                  NATGAS/USD  |     98    +0.120 [-0.125, +0.458] 0.286  -0.097 |     27    +0.129 [-0.412, +0.865] 0.296  -0.101 | 
daytype14  trend_120                  SPX500/USD  |    152    -0.008 [-0.203, +0.207] 0.230  -0.019 |    113    -0.018 [-0.273, +0.258] 0.221  -0.100 | 
daytype14  trend_120                  WTICO/USD   |    123    -0.132 [-0.354, +0.085] 0.211  -0.231 |    147    -0.108 [-0.315, +0.106] 0.245  -0.269 | 
daytype14  trend_120                  XAG/USD     |     60    +0.123 [-0.219, +0.453] 0.350  -0.081 |    148    +0.142 [-0.070, +0.383] 0.311  +0.025 | 
daytype14  trend_120                  XAU/USD     |    133    +0.078 [-0.154, +0.323] 0.263  -0.122 |    189    -0.066 [-0.237, +0.129] 0.249  -0.126 | 
daytype14  trend_240                  POOLED      |    654    -0.010 [-0.105, +0.093] 0.228  -0.134 |    589    -0.127 [-0.226, -0.026] 0.219  -0.223 | 
daytype14  trend_240                  EUR/USD     |    239    -0.067 [-0.223, +0.091] 0.167  -0.181 |    101    -0.244 [-0.450, -0.015] 0.158  -0.404 | 
daytype14  trend_240                  NATGAS/USD  |     68    +0.003 [-0.262, +0.326] 0.265  -0.209 |      -                          -     -       - | 
daytype14  trend_240                  SPX500/USD  |    110    +0.046 [-0.198, +0.329] 0.227  -0.016 |    102    -0.074 [-0.368, +0.118] 0.216  -0.128 | 
daytype14  trend_240                  WTICO/USD   |    110    +0.075 [-0.148, +0.319] 0.327  -0.066 |    115    -0.128 [-0.330, +0.098] 0.270  -0.241 | 
daytype14  trend_240                  XAG/USD     |      -                          -     -       - |     94    -0.270 [-0.481, -0.007] 0.191  -0.351 | 
daytype14  trend_240                  XAU/USD     |    114    -0.105 [-0.298, +0.117] 0.211  -0.231 |    162    -0.015 [-0.235, +0.202] 0.228  -0.101 | 
dev2       D_frozen fired0.9|brk|48 ( WTICO/USD   |    392    +0.096 [-0.075, +0.292] 0.209  -0.030 |    241    -0.020 [-0.187, +0.160] 0.203  -0.108 | 
dev2       D_frozen noneNone|h1|12 (d XAU/USD     |   2438    +0.014 [-0.042, +0.071] 0.201  -0.161 |   2994    +0.034 [-0.014, +0.088] 0.201  -0.105 | 
dev2       cfgX none|h1|12 (bench1 cf POOLED      |   4993    +0.007 [-0.030, +0.049] 0.199  -0.144 |   5070    +0.032 [-0.005, +0.068] 0.205  -0.110 | 
dev2       cfgX none|h1|12 (bench1 cf WTICO/USD   |   2555    +0.000 [-0.054, +0.057] 0.197  -0.128 |   2076    +0.030 [-0.039, +0.088] 0.210  -0.117 | 
dev2       cfgX none|h1|12 (bench1 cf XAU/USD     |   2438    +0.014 [-0.042, +0.071] 0.201  -0.161 |   2994    +0.034 [-0.014, +0.088] 0.201  -0.105 | 
dev2       flipsA_spr02 (ladder A, ri POOLED      |   7757    -0.011 [-0.043, +0.024] 0.200  -0.140 |   8467    +0.030 [+0.001, +0.059] 0.211  -0.099 | 
dev2       flipsA_spr02 (ladder A, ri WTICO/USD   |   4321    -0.007 [-0.048, +0.037] 0.200  -0.118 |   3543    +0.048 [-0.002, +0.096] 0.218  -0.089 | 
dev2       flipsA_spr02 (ladder A, ri XAU/USD     |   3436    -0.015 [-0.060, +0.030] 0.199  -0.168 |   4924    +0.018 [-0.020, +0.055] 0.205  -0.106 | 
lean21     B1_move_noalert_H12        POOLED      |  12167    -0.032 [-0.076, +0.012] 0.478  -0.154 |  13064    -0.010 [-0.057, +0.033] 0.496  -0.130 | 
lean21     B1_move_noalert_H12        EUR/USD     |   2346    +0.019 [-0.072, +0.101] 0.510  -0.136 |   2149    +0.075 [-0.021, +0.176] 0.523  -0.080 | 
lean21     B1_move_noalert_H12        NATGAS/USD  |    751    +0.137 [-0.050, +0.325] 0.505  -0.026 |    163    +0.328 [+0.007, +0.780] 0.601  +0.142 | 
lean21     B1_move_noalert_H12        SPX500/USD  |   2465    -0.057 [-0.159, +0.048] 0.488  -0.126 |   2137    -0.067 [-0.205, +0.052] 0.500  -0.125 | 
lean21     B1_move_noalert_H12        WTICO/USD   |   3201    -0.063 [-0.145, +0.018] 0.452  -0.179 |   2585    -0.026 [-0.147, +0.086] 0.485  -0.149 | 
lean21     B1_move_noalert_H12        XAG/USD     |    787    -0.178 [-0.320, -0.022] 0.427  -0.348 |   1806    -0.026 [-0.143, +0.069] 0.470  -0.178 | 
lean21     B1_move_noalert_H12        XAU/USD     |   2617    -0.019 [-0.112, +0.063] 0.479  -0.145 |   4224    -0.022 [-0.080, +0.047] 0.494  -0.137 | 
lean21     B1_move_noalert_H48        POOLED      |  12167    -0.088 [-0.216, +0.042] 0.471  -0.221 |  13060    +0.012 [-0.126, +0.149] 0.489  -0.116 | 
lean21     B1_move_noalert_H48        EUR/USD     |   2346    -0.030 [-0.262, +0.186] 0.494  -0.215 |   2145    +0.172 [-0.060, +0.421] 0.523  +0.006 | 
lean21     B1_move_noalert_H48        NATGAS/USD  |    751    +0.474 [-0.093, +0.984] 0.569  +0.275 |    163    +0.398 [-0.470, +1.520] 0.558  +0.184 | 
lean21     B1_move_noalert_H48        SPX500/USD  |   2465    -0.147 [-0.458, +0.181] 0.480  -0.218 |   2137    -0.134 [-0.551, +0.247] 0.469  -0.195 | 
lean21     B1_move_noalert_H48        WTICO/USD   |   3201    -0.202 [-0.473, +0.050] 0.434  -0.323 |   2585    +0.065 [-0.269, +0.383] 0.483  -0.082 | 
lean21     B1_move_noalert_H48        XAG/USD     |    787    -0.320 [-0.605, -0.057] 0.416  -0.491 |   1806    -0.002 [-0.274, +0.244] 0.501  -0.159 | 
lean21     B1_move_noalert_H48        XAU/USD     |   2617    -0.035 [-0.246, +0.165] 0.476  -0.166 |   4224    -0.036 [-0.240, +0.202] 0.477  -0.154 | 
lean21     B2_alert_nomove_H12        POOLED      |  16184    +0.013 [-0.032, +0.063] 0.503  -0.103 |  15469    +0.013 [-0.035, +0.063] 0.493  -0.105 | 
lean21     B2_alert_nomove_H12        EUR/USD     |   3106    +0.031 [-0.066, +0.123] 0.507  -0.117 |   1031    -0.129 [-0.314, +0.035] 0.479  -0.285 | 
lean21     B2_alert_nomove_H12        NATGAS/USD  |    503    +0.126 [-0.104, +0.343] 0.519  -0.035 |    103    -0.162 [-0.578, +0.317] 0.456  -0.332 | 
lean21     B2_alert_nomove_H12        SPX500/USD  |   5520    -0.011 [-0.080, +0.056] 0.502  -0.085 |   1628    -0.013 [-0.221, +0.220] 0.465  -0.084 | 
lean21     B2_alert_nomove_H12        WTICO/USD   |   3523    +0.028 [-0.057, +0.139] 0.510  -0.093 |   2864    +0.064 [-0.051, +0.178] 0.508  -0.047 | 
lean21     B2_alert_nomove_H12        XAG/USD     |    357    +0.150 [-0.047, +0.378] 0.515  -0.026 |   3682    +0.003 [-0.085, +0.101] 0.488  -0.150 | 
lean21     B2_alert_nomove_H12        XAU/USD     |   3175    -0.011 [-0.111, +0.074] 0.489  -0.150 |   6161    +0.028 [-0.037, +0.106] 0.500  -0.078 | 
lean21     B2_alert_nomove_H48        POOLED      |  16184    -0.023 [-0.180, +0.145] 0.504  -0.139 |  15469    +0.076 [-0.116, +0.285] 0.503  -0.041 | 
lean21     B2_alert_nomove_H48        EUR/USD     |   3106    +0.095 [-0.200, +0.429] 0.515  -0.053 |   1031    -0.249 [-0.786, +0.303] 0.471  -0.406 | 
lean21     B2_alert_nomove_H48        NATGAS/USD  |    503    -0.089 [-0.638, +0.422] 0.519  -0.244 |    103    -0.359 [-1.412, +1.403] 0.485  -0.529 | 
lean21     B2_alert_nomove_H48        SPX500/USD  |   5520    -0.102 [-0.394, +0.174] 0.487  -0.175 |   1628    +0.170 [-0.533, +1.008] 0.467  +0.100 | 
lean21     B2_alert_nomove_H48        WTICO/USD   |   3523    -0.008 [-0.222, +0.295] 0.521  -0.130 |   2864    +0.252 [-0.359, +0.807] 0.529  +0.144 | 
lean21     B2_alert_nomove_H48        XAG/USD     |    357    +0.115 [-0.378, +0.568] 0.521  -0.063 |   3682    -0.013 [-0.347, +0.339] 0.500  -0.164 | 
lean21     B2_alert_nomove_H48        XAU/USD     |   3175    -0.023 [-0.337, +0.256] 0.500  -0.163 |   6161    +0.084 [-0.181, +0.337] 0.507  -0.021 | 
lean21     B3_all_scored_H12          POOLED      | 182464    -0.004 [-0.017, +0.010] 0.494  -0.138 | 191946    +0.009 [-0.006, +0.023] 0.497  -0.119 | 
lean21     B3_all_scored_H12          EUR/USD     |  26353    +0.001 [-0.032, +0.033] 0.497  -0.159 |  13857    +0.018 [-0.021, +0.059] 0.502  -0.144 | 
lean21     B3_all_scored_H12          NATGAS/USD  |   6152    +0.064 [-0.013, +0.137] 0.510  -0.094 |   1272    -0.044 [-0.165, +0.066] 0.486  -0.221 | 
lean21     B3_all_scored_H12          SPX500/USD  |  65577    -0.004 [-0.026, +0.019] 0.494  -0.117 |  66250    -0.006 [-0.029, +0.018] 0.493  -0.112 | 
lean21     B3_all_scored_H12          WTICO/USD   |  41982    -0.022 [-0.048, +0.006] 0.490  -0.155 |  39148    +0.004 [-0.026, +0.033] 0.500  -0.133 | 
lean21     B3_all_scored_H12          XAG/USD     |   4312    +0.027 [-0.030, +0.083] 0.505  -0.146 |  16536    +0.019 [-0.018, +0.059] 0.492  -0.138 | 
lean21     B3_all_scored_H12          XAU/USD     |  38088    -0.000 [-0.029, +0.026] 0.495  -0.147 |  54883    +0.024 [-0.002, +0.045] 0.498  -0.104 | 
lean21     B3_all_scored_H48          POOLED      | 182464    +0.003 [-0.048, +0.052] 0.499  -0.135 | 191918    +0.020 [-0.040, +0.078] 0.498  -0.111 | 
lean21     B3_all_scored_H48          EUR/USD     |  26353    +0.005 [-0.100, +0.112] 0.502  -0.167 |  13853    +0.044 [-0.078, +0.175] 0.502  -0.126 | 
lean21     B3_all_scored_H48          NATGAS/USD  |   6152    +0.151 [-0.105, +0.397] 0.533  -0.025 |   1272    -0.098 [-0.462, +0.240] 0.485  -0.296 | 
lean21     B3_all_scored_H48          SPX500/USD  |  65577    +0.028 [-0.060, +0.121] 0.502  -0.084 |  66238    -0.023 [-0.123, +0.073] 0.494  -0.129 | 
lean21     B3_all_scored_H48          WTICO/USD   |  41982    -0.073 [-0.174, +0.025] 0.489  -0.209 |  39136    +0.026 [-0.089, +0.143] 0.506  -0.122 | 
lean21     B3_all_scored_H48          XAG/USD     |   4312    +0.032 [-0.102, +0.163] 0.510  -0.142 |  16536    +0.008 [-0.120, +0.136] 0.494  -0.149 | 
lean21     B3_all_scored_H48          XAU/USD     |  38088    +0.013 [-0.096, +0.115] 0.494  -0.137 |  54883    +0.066 [-0.034, +0.154] 0.497  -0.063 | 
lean21     main_H12                   POOLED      |   9323    +0.012 [-0.044, +0.074] 0.502  -0.100 |   8081    +0.001 [-0.071, +0.066] 0.484  -0.112 | 
lean21     main_H12                   EUR/USD     |   2000    -0.040 [-0.200, +0.090] 0.489  -0.178 |    703    -0.135 [-0.322, +0.037] 0.458  -0.283 | 
lean21     main_H12                   NATGAS/USD  |    986    +0.071 [-0.125, +0.228] 0.516  -0.077 |    140    -0.074 [-0.487, +0.365] 0.486  -0.244 | 
lean21     main_H12                   SPX500/USD  |   2552    +0.072 [-0.035, +0.191] 0.526  +0.012 |    541    -0.106 [-0.427, +0.134] 0.490  -0.156 | 
lean21     main_H12                   WTICO/USD   |   1653    -0.012 [-0.125, +0.130] 0.494  -0.118 |   1254    -0.091 [-0.278, +0.116] 0.450  -0.182 | 
lean21     main_H12                   XAG/USD     |    350    -0.015 [-0.225, +0.167] 0.517  -0.187 |   2071    +0.051 [-0.077, +0.173] 0.486  -0.095 | 
lean21     main_H12                   XAU/USD     |   1782    -0.023 [-0.165, +0.112] 0.480  -0.152 |   3372    +0.054 [-0.042, +0.149] 0.499  -0.048 | 
lean21     main_H48                   POOLED      |   9323    +0.168 [-0.028, +0.379] 0.529  +0.053 |   8081    +0.010 [-0.226, +0.225] 0.494  -0.103 | 
lean21     main_H48                   EUR/USD     |   2000    -0.089 [-0.589, +0.356] 0.505  -0.236 |    703    -0.010 [-0.588, +0.570] 0.485  -0.160 | 
lean21     main_H48                   NATGAS/USD  |    986    +0.331 [-0.075, +0.767] 0.574  +0.170 |    140    +0.498 [-0.610, +1.803] 0.643  +0.320 | 
lean21     main_H48                   SPX500/USD  |   2552    +0.356 [-0.023, +0.763] 0.571  +0.297 |    541    -0.781 [-1.771, -0.107] 0.438  -0.831 | 
lean21     main_H48                   WTICO/USD   |   1653    +0.177 [-0.217, +0.587] 0.515  +0.068 |   1254    -0.145 [-0.729, +0.389] 0.448  -0.236 | 
lean21     main_H48                   XAG/USD     |    350    +0.258 [-0.259, +0.768] 0.517  +0.085 |   2071    +0.131 [-0.269, +0.453] 0.496  -0.015 | 
lean21     main_H48                   XAU/USD     |   1782    +0.072 [-0.520, +0.624] 0.483  -0.055 |   3372    +0.104 [-0.224, +0.430] 0.515  +0.003 | 
limit13    M15_flip_mkt_filtered      POOLED      |  11040    +0.002 [-0.023, +0.028] 0.208  -0.108 |   9359    -0.021 [-0.051, +0.009] 0.201  -0.127 | 
limit13    M15_flip_mkt_filtered      EUR/USD     |   2299    -0.014 [-0.065, +0.044] 0.205  -0.127 |   1420    -0.029 [-0.099, +0.041] 0.204  -0.195 | 
limit13    M15_flip_mkt_filtered      NATGAS/USD  |    565    +0.029 [-0.091, +0.147] 0.234  -0.103 |    347    -0.094 [-0.248, +0.071] 0.216  -0.251 | 
limit13    M15_flip_mkt_filtered      SPX500/USD  |   2596    +0.028 [-0.023, +0.085] 0.213  -0.053 |   2215    +0.009 [-0.042, +0.068] 0.212  -0.062 | 
limit13    M15_flip_mkt_filtered      WTICO/USD   |   2528    +0.018 [-0.036, +0.079] 0.209  -0.090 |   1975    -0.014 [-0.076, +0.046] 0.210  -0.110 | 
limit13    M15_flip_mkt_filtered      XAG/USD     |    768    -0.067 [-0.157, +0.020] 0.208  -0.169 |   1336    -0.022 [-0.093, +0.051] 0.202  -0.148 | 
limit13    M15_flip_mkt_filtered      XAU/USD     |   2284    -0.013 [-0.067, +0.044] 0.195  -0.149 |   2066    -0.043 [-0.095, +0.009] 0.177  -0.131 | 
limit13    M15_impulse_mkt_filtered   POOLED      |   8004    +0.054 [+0.017, +0.083] 0.206  -0.065 |   5874    +0.021 [-0.019, +0.064] 0.200  -0.084 | 
limit13    M15_impulse_mkt_filtered   EUR/USD     |   1398    +0.015 [-0.057, +0.085] 0.197  -0.123 |    704    -0.029 [-0.130, +0.068] 0.203  -0.150 | 
limit13    M15_impulse_mkt_filtered   NATGAS/USD  |    394    -0.017 [-0.163, +0.102] 0.201  -0.159 |    163    +0.206 [-0.017, +0.469] 0.288  +0.100 | 
limit13    M15_impulse_mkt_filtered   SPX500/USD  |   1933    +0.095 [+0.030, +0.161] 0.212  +0.003 |   1582    +0.024 [-0.044, +0.090] 0.193  -0.046 | 
limit13    M15_impulse_mkt_filtered   WTICO/USD   |   1919    +0.057 [-0.007, +0.118] 0.199  -0.058 |   1206    +0.038 [-0.038, +0.122] 0.198  -0.106 | 
limit13    M15_impulse_mkt_filtered   XAG/USD     |    610    +0.032 [-0.060, +0.141] 0.215  -0.074 |    906    +0.028 [-0.060, +0.111] 0.213  -0.096 | 
limit13    M15_impulse_mkt_filtered   XAU/USD     |   1750    +0.059 [-0.012, +0.117] 0.210  -0.076 |   1313    +0.002 [-0.073, +0.087] 0.189  -0.088 | 
limit13    M5_flip_mkt_filtered       POOLED      |  17714    -0.019 [-0.039, -0.000] 0.201  -0.146 |  16443    +0.006 [-0.018, +0.027] 0.211  -0.116 | 
limit13    M5_flip_mkt_filtered       EUR/USD     |   3342    -0.039 [-0.083, +0.003] 0.200  -0.196 |   1304    +0.012 [-0.053, +0.090] 0.230  -0.159 | 
limit13    M5_flip_mkt_filtered       NATGAS/USD  |    643    +0.086 [-0.043, +0.196] 0.229  -0.089 |    183    -0.164 [-0.395, +0.059] 0.213  -0.318 | 
limit13    M5_flip_mkt_filtered       SPX500/USD  |   5836    -0.028 [-0.063, +0.004] 0.198  -0.129 |   5154    -0.021 [-0.059, +0.012] 0.205  -0.116 | 
limit13    M5_flip_mkt_filtered       WTICO/USD   |   4095    -0.009 [-0.051, +0.036] 0.201  -0.118 |   3428    +0.043 [-0.009, +0.090] 0.217  -0.092 | 
limit13    M5_flip_mkt_filtered       XAG/USD     |    454    +0.002 [-0.100, +0.123] 0.233  -0.163 |   1720    -0.029 [-0.087, +0.027] 0.207  -0.164 | 
limit13    M5_flip_mkt_filtered       XAU/USD     |   3344    -0.021 [-0.066, +0.025] 0.197  -0.170 |   4654    +0.026 [-0.015, +0.063] 0.208  -0.095 | 
limit13    M5_impulse_mkt_filtered    POOLED      |   7751    +0.024 [-0.008, +0.055] 0.201  -0.112 |   6073    -0.006 [-0.044, +0.031] 0.195  -0.124 | 
limit13    M5_impulse_mkt_filtered    EUR/USD     |    907    +0.007 [-0.076, +0.090] 0.198  -0.160 |    469    -0.115 [-0.237, +0.002] 0.181  -0.245 | 
limit13    M5_impulse_mkt_filtered    NATGAS/USD  |    277    -0.013 [-0.194, +0.159] 0.213  -0.201 |     57    +0.350 [-0.061, +0.728] 0.333  +0.103 | 
limit13    M5_impulse_mkt_filtered    SPX500/USD  |   2909    +0.043 [-0.011, +0.090] 0.209  -0.069 |   2429    -0.010 [-0.068, +0.048] 0.197  -0.100 | 
limit13    M5_impulse_mkt_filtered    WTICO/USD   |   1939    +0.025 [-0.040, +0.090] 0.201  -0.117 |   1048    -0.049 [-0.131, +0.032] 0.184  -0.190 | 
limit13    M5_impulse_mkt_filtered    XAG/USD     |    260    -0.008 [-0.189, +0.150] 0.200  -0.155 |    564    +0.014 [-0.095, +0.131] 0.184  -0.145 | 
limit13    M5_impulse_mkt_filtered    XAU/USD     |   1459    +0.006 [-0.066, +0.077] 0.186  -0.135 |   1506    +0.041 [-0.030, +0.120] 0.202  -0.081 | 
mw6        B1_tsmom60_h20             POOLED      |   6226    +0.013 [-0.044, +0.067] 0.506  -0.053 |   5761    +0.060 [+0.004, +0.110] 0.504  -0.003 | 
mw6        B1_tsmom60_h20             EUR/USD     |   1042    +0.019 [-0.077, +0.114] 0.523  -0.121 |    964    -0.123 [-0.218, -0.018] 0.439  -0.260 | 
mw6        B1_tsmom60_h20             NATGAS/USD  |   1035    +0.113 [-0.006, +0.232] 0.528  +0.065 |    958    -0.112 [-0.223, -0.012] 0.438  -0.151 | 
mw6        B1_tsmom60_h20             SPX500/USD  |   1038    -0.004 [-0.142, +0.140] 0.573  -0.063 |    962    +0.234 [+0.130, +0.343] 0.644  +0.165 | 
mw6        B1_tsmom60_h20             WTICO/USD   |   1037    +0.019 [-0.115, +0.160] 0.505  -0.011 |    959    -0.031 [-0.138, +0.087] 0.462  -0.066 | 
mw6        B1_tsmom60_h20             XAG/USD     |   1037    -0.077 [-0.213, +0.062] 0.419  -0.128 |    959    +0.060 [-0.073, +0.194] 0.442  +0.023 | 
mw6        B1_tsmom60_h20             XAU/USD     |   1037    +0.010 [-0.109, +0.121] 0.490  -0.060 |    959    +0.333 [+0.200, +0.456] 0.595  +0.274 | 
mw6        B2_tsmom120_h20            POOLED      |   6228    +0.074 [+0.027, +0.121] 0.514  +0.008 |   5762    +0.081 [+0.027, +0.136] 0.515  +0.018 | HOLDS_GROSS
mw6        B2_tsmom120_h20            EUR/USD     |   1042    +0.154 [+0.056, +0.247] 0.588  +0.014 |    964    -0.186 [-0.291, -0.070] 0.416  -0.323 | 
mw6        B2_tsmom120_h20            NATGAS/USD  |   1037    +0.094 [-0.021, +0.213] 0.540  +0.045 |    959    -0.113 [-0.235, -0.003] 0.431  -0.152 | 
mw6        B2_tsmom120_h20            SPX500/USD  |   1038    -0.033 [-0.175, +0.106] 0.533  -0.092 |    962    +0.241 [+0.131, +0.344] 0.644  +0.171 | 
mw6        B2_tsmom120_h20            WTICO/USD   |   1037    +0.106 [-0.035, +0.242] 0.491  +0.076 |    959    -0.078 [-0.188, +0.029] 0.446  -0.113 | 
mw6        B2_tsmom120_h20            XAG/USD     |   1037    -0.015 [-0.145, +0.118] 0.439  -0.065 |    959    +0.209 [+0.071, +0.346] 0.534  +0.172 | 
mw6        B2_tsmom120_h20            XAU/USD     |   1037    +0.140 [+0.007, +0.251] 0.495  +0.070 |    959    +0.412 [+0.271, +0.544] 0.617  +0.353 | HOLDS_GROSS
mw6        B3_tsmom20_h5              POOLED      |   6227    +0.020 [-0.005, +0.045] 0.515  -0.007 |   5850    +0.017 [-0.006, +0.037] 0.517  -0.007 | 
mw6        B3_tsmom20_h5              EUR/USD     |   1042    -0.035 [-0.081, +0.012] 0.467  -0.080 |    979    +0.031 [-0.019, +0.077] 0.525  -0.013 | 
mw6        B3_tsmom20_h5              NATGAS/USD  |   1037    +0.018 [-0.031, +0.065] 0.495  -0.018 |    972    -0.007 [-0.059, +0.044] 0.501  -0.035 | 
mw6        B3_tsmom20_h5              SPX500/USD  |   1038    +0.006 [-0.041, +0.056] 0.552  -0.011 |    977    +0.036 [-0.015, +0.080] 0.554  +0.016 | 
mw6        B3_tsmom20_h5              WTICO/USD   |   1036    +0.091 [+0.041, +0.139] 0.594  +0.078 |    974    +0.015 [-0.034, +0.066] 0.508  -0.001 | 
mw6        B3_tsmom20_h5              XAG/USD     |   1037    +0.018 [-0.036, +0.070] 0.481  -0.008 |    974    -0.010 [-0.065, +0.047] 0.492  -0.026 | 
mw6        B3_tsmom20_h5              XAU/USD     |   1037    +0.022 [-0.030, +0.069] 0.501  -0.003 |    974    +0.035 [-0.025, +0.091] 0.520  +0.017 | 
mw6        B4_st_d1                   POOLED      |    171    +0.043 [-0.186, +0.246] 0.368  -0.061 |    151    +0.046 [-0.150, +0.259] 0.371  -0.056 | 
mw6        B4_st_d1                   EUR/USD     |     27    -0.014 [-0.440, +0.399] 0.407  -0.264 |     28    -0.225 [-0.534, +0.152] 0.250  -0.442 | 
mw6        B4_st_d1                   NATGAS/USD  |     36    -0.157 [-0.628, +0.508] 0.278  -0.210 |     26    +0.051 [-0.292, +0.502] 0.462  +0.001 | 
mw6        B4_st_d1                   SPX500/USD  |     34    -0.123 [-0.494, +0.258] 0.412  -0.203 |     26    -0.102 [-0.498, +0.495] 0.308  -0.204 | 
mw6        B4_st_d1                   WTICO/USD   |     22    +0.515 [-0.290, +1.346] 0.455  +0.459 |     23    +0.180 [-0.323, +0.993] 0.435  +0.122 | 
mw6        B4_st_d1                   XAG/USD     |     24    +0.198 [-0.406, +0.858] 0.375  +0.120 |     24    +0.373 [-0.189, +1.115] 0.458  +0.308 | 
mw6        B4_st_d1                   XAU/USD     |     28    +0.053 [-0.473, +0.682] 0.321  -0.065 |     24    +0.059 [-0.509, +0.766] 0.333  -0.043 | 
mw6        B5_st_h4d1                 POOLED      |    326    +0.031 [-0.092, +0.157] 0.433  -0.017 |    288    +0.008 [-0.096, +0.118] 0.431  -0.038 | 
mw6        B5_st_h4d1                 EUR/USD     |     55    +0.009 [-0.195, +0.200] 0.455  -0.087 |     50    -0.130 [-0.333, +0.079] 0.400  -0.227 | 
mw6        B5_st_h4d1                 NATGAS/USD  |     62    -0.089 [-0.278, +0.124] 0.371  -0.121 |     50    +0.024 [-0.201, +0.266] 0.400  -0.005 | 
mw6        B5_st_h4d1                 SPX500/USD  |     56    +0.010 [-0.300, +0.398] 0.411  -0.032 |     50    -0.058 [-0.209, +0.158] 0.380  -0.106 | 
mw6        B5_st_h4d1                 WTICO/USD   |     49    +0.236 [-0.051, +0.581] 0.490  +0.214 |     48    +0.051 [-0.222, +0.394] 0.458  +0.024 | 
mw6        B5_st_h4d1                 XAG/USD     |     49    +0.050 [-0.201, +0.283] 0.469  +0.006 |     43    +0.127 [-0.088, +0.459] 0.488  +0.099 | 
mw6        B5_st_h4d1                 XAU/USD     |     55    +0.010 [-0.250, +0.240] 0.418  -0.041 |     47    +0.055 [-0.217, +0.368] 0.468  +0.013 | 
mw6        B6_donchian                POOLED      |    258    +0.024 [-0.111, +0.153] 0.411  -0.028 |    222    +0.034 [-0.091, +0.166] 0.441  -0.017 | 
mw6        B6_donchian                EUR/USD     |     46    -0.202 [-0.415, +0.023] 0.304  -0.298 |     39    +0.039 [-0.187, +0.263] 0.538  -0.066 | 
mw6        B6_donchian                NATGAS/USD  |     46    -0.125 [-0.436, +0.125] 0.348  -0.167 |     37    +0.003 [-0.313, +0.307] 0.459  -0.032 | 
mw6        B6_donchian                SPX500/USD  |     48    +0.032 [-0.231, +0.336] 0.438  -0.013 |     41    +0.021 [-0.176, +0.288] 0.415  -0.031 | 
mw6        B6_donchian                WTICO/USD   |     43    +0.252 [-0.072, +0.626] 0.535  +0.226 |     34    +0.019 [-0.276, +0.432] 0.412  -0.012 | 
mw6        B6_donchian                XAG/USD     |     38    +0.148 [-0.210, +0.658] 0.447  +0.102 |     34    -0.024 [-0.393, +0.389] 0.324  -0.054 | 
mw6        B6_donchian                XAU/USD     |     37    +0.090 [-0.271, +0.424] 0.405  +0.030 |     37    +0.141 [-0.215, +0.481] 0.486  +0.095 | 
mw6        C1_st_h4d1_bigweek         POOLED      |    176    -0.007 [-0.160, +0.137] 0.432  -0.045 |    145    +0.040 [-0.109, +0.241] 0.428  +0.005 | 
mw6        C1_st_h4d1_bigweek         EUR/USD     |      -                          -     -       - |      -                          -     -       - | 
mw6        C1_st_h4d1_bigweek         NATGAS/USD  |     32    -0.333 [-0.545, -0.009] 0.281  -0.353 |     24    +0.035 [-0.290, +0.428] 0.417  +0.010 | 
mw6        C1_st_h4d1_bigweek         SPX500/USD  |      -                          -     -       - |      -                          -     -       - | 
mw6        C1_st_h4d1_bigweek         WTICO/USD   |     28    -0.085 [-0.342, +0.185] 0.393  -0.103 |      -                          -     -       - | 
mw6        C1_st_h4d1_bigweek         XAG/USD     |     41    -0.056 [-0.335, +0.182] 0.390  -0.091 |     42    +0.080 [-0.158, +0.416] 0.452  +0.054 | 
mw6        C1_st_h4d1_bigweek         XAU/USD     |     39    -0.002 [-0.274, +0.198] 0.462  -0.051 |     39    +0.186 [-0.117, +0.552] 0.513  +0.147 | 
mw6        C2_tsmom60_bigweek         POOLED      |   3078    -0.026 [-0.095, +0.046] 0.479  -0.074 |   2701    +0.148 [+0.064, +0.230] 0.524  +0.103 | 
mw6        C2_tsmom60_bigweek         EUR/USD     |    323    +0.023 [-0.150, +0.173] 0.573  -0.077 |    197    +0.149 [-0.067, +0.373] 0.584  +0.039 | 
mw6        C2_tsmom60_bigweek         NATGAS/USD  |    481    +0.031 [-0.107, +0.168] 0.499  -0.000 |    415    +0.150 [+0.004, +0.292] 0.533  +0.118 | 
mw6        C2_tsmom60_bigweek         SPX500/USD  |    292    -0.117 [-0.285, +0.053] 0.428  -0.152 |    149    +0.221 [-0.047, +0.463] 0.631  +0.170 | 
mw6        C2_tsmom60_bigweek         WTICO/USD   |    433    -0.129 [-0.273, +0.033] 0.480  -0.151 |    295    -0.191 [-0.337, -0.034] 0.407  -0.215 | 
mw6        C2_tsmom60_bigweek         XAG/USD     |    832    -0.079 [-0.213, +0.049] 0.416  -0.122 |    874    +0.091 [-0.046, +0.235] 0.453  +0.055 | 
mw6        C2_tsmom60_bigweek         XAU/USD     |    717    +0.075 [-0.050, +0.195] 0.516  +0.012 |    771    +0.328 [+0.176, +0.472] 0.608  +0.274 | 
notrade12  M15_flip_all               POOLED      |  19033    -0.003 [-0.022, +0.018] 0.199  -0.291 |  14899    -0.018 [-0.041, +0.005] 0.195  -0.222 | 
notrade12  M15_flip_all               EUR/USD     |   3106    -0.032 [-0.070, +0.013] 0.193  -0.192 |   2443    -0.034 [-0.088, +0.020] 0.189  -0.246 | 
notrade12  M15_flip_all               NATGAS/USD  |   3483    +0.031 [-0.018, +0.079] 0.211  -0.660 |   2843    +0.002 [-0.048, +0.061] 0.205  -0.464 | 
notrade12  M15_flip_all               SPX500/USD  |   3088    +0.015 [-0.034, +0.063] 0.205  -0.077 |   2487    +0.017 [-0.037, +0.077] 0.212  -0.069 | 
notrade12  M15_flip_all               WTICO/USD   |   3088    +0.005 [-0.042, +0.055] 0.202  -0.120 |   2520    -0.027 [-0.079, +0.027] 0.201  -0.153 | 
notrade12  M15_flip_all               XAG/USD     |   3326    -0.013 [-0.059, +0.039] 0.191  -0.445 |   2337    -0.050 [-0.105, +0.000] 0.181  -0.231 | 
notrade12  M15_flip_all               XAU/USD     |   2942    -0.025 [-0.072, +0.025] 0.188  -0.190 |   2269    -0.022 [-0.076, +0.032] 0.179  -0.125 | 
notrade12  M15_impulse_all            POOLED      |  13747    +0.036 [+0.010, +0.059] 0.197  -0.239 |   9514    +0.023 [-0.007, +0.058] 0.195  -0.196 | 
notrade12  M15_impulse_all            EUR/USD     |   2167    -0.017 [-0.073, +0.040] 0.182  -0.215 |   1367    -0.022 [-0.097, +0.056] 0.188  -0.231 | 
notrade12  M15_impulse_all            NATGAS/USD  |   2381    +0.026 [-0.029, +0.085] 0.202  -0.569 |   1725    +0.070 [-0.002, +0.143] 0.203  -0.414 | 
notrade12  M15_impulse_all            SPX500/USD  |   2146    +0.108 [+0.042, +0.171] 0.213  +0.002 |   1699    +0.014 [-0.050, +0.083] 0.190  -0.057 | 
notrade12  M15_impulse_all            WTICO/USD   |   2410    +0.049 [-0.009, +0.104] 0.193  -0.106 |   1705    +0.056 [-0.009, +0.128] 0.201  -0.158 | 
notrade12  M15_impulse_all            XAG/USD     |   2424    +0.004 [-0.047, +0.060] 0.191  -0.389 |   1650    +0.010 [-0.059, +0.076] 0.200  -0.203 | 
notrade12  M15_impulse_all            XAU/USD     |   2219    +0.050 [-0.013, +0.104] 0.203  -0.121 |   1368    -0.005 [-0.078, +0.078] 0.187  -0.096 | 
notrade12  M5_flip_all                POOLED      |  59458    -0.025 [-0.037, -0.012] 0.191  -0.603 |  46127    -0.018 [-0.033, -0.003] 0.196  -0.437 | 
notrade12  M5_flip_all                EUR/USD     |   9763    -0.087 [-0.112, -0.061] 0.177  -0.418 |   7739    -0.057 [-0.089, -0.027] 0.185  -0.442 | 
notrade12  M5_flip_all                NATGAS/USD  |  10901    -0.006 [-0.038, +0.022] 0.203  -1.322 |   8907    -0.013 [-0.048, +0.021] 0.206  -1.014 | 
notrade12  M5_flip_all                SPX500/USD  |   9460    -0.021 [-0.049, +0.004] 0.190  -0.204 |   7435    -0.013 [-0.048, +0.019] 0.200  -0.169 | 
notrade12  M5_flip_all                WTICO/USD   |   9058    -0.010 [-0.039, +0.019] 0.189  -0.288 |   7441    +0.013 [-0.020, +0.046] 0.200  -0.286 | 
notrade12  M5_flip_all                XAG/USD     |  11048    +0.004 [-0.021, +0.032] 0.199  -0.876 |   7580    -0.045 [-0.076, -0.016] 0.189  -0.421 | 
notrade12  M5_flip_all                XAU/USD     |   9228    -0.033 [-0.062, -0.006] 0.184  -0.339 |   7025    +0.010 [-0.021, +0.042] 0.198  -0.161 | 
notrade12  M5_impulse_all             POOLED      |  27418    +0.007 [-0.013, +0.025] 0.190  -0.510 |  17186    -0.005 [-0.026, +0.021] 0.190  -0.414 | 
notrade12  M5_impulse_all             EUR/USD     |   3902    -0.052 [-0.094, -0.010] 0.168  -0.430 |   2220    -0.114 [-0.173, -0.052] 0.157  -0.533 | 
notrade12  M5_impulse_all             NATGAS/USD  |   4597    +0.018 [-0.028, +0.064] 0.205  -1.015 |   3073    +0.058 [+0.008, +0.109] 0.226  -0.828 | 
notrade12  M5_impulse_all             SPX500/USD  |   4635    +0.033 [-0.010, +0.076] 0.202  -0.170 |   3335    -0.009 [-0.055, +0.046] 0.191  -0.142 | 
notrade12  M5_impulse_all             WTICO/USD   |   5088    +0.015 [-0.022, +0.054] 0.189  -0.305 |   3214    -0.033 [-0.078, +0.016] 0.178  -0.400 | 
notrade12  M5_impulse_all             XAG/USD     |   4832    +0.016 [-0.024, +0.060] 0.190  -0.798 |   2856    +0.038 [-0.011, +0.094] 0.189  -0.411 | 
notrade12  M5_impulse_all             XAU/USD     |   4364    -0.000 [-0.043, +0.039] 0.182  -0.331 |   2488    +0.007 [-0.048, +0.072] 0.190  -0.184 | 
orb15      eia                        WTICO/USD   |    186    +0.113 [-0.105, +0.311] 0.522  -0.032 |    151    -0.256 [-0.436, -0.039] 0.477  -0.388 | 
orb15      fade15                     POOLED      |   4084    -0.013 [-0.043, +0.019] 0.532  -0.101 |   3330    +0.004 [-0.030, +0.035] 0.556  -0.071 | 
orb15      fade15                     EUR/USD     |    779    -0.022 [-0.084, +0.052] 0.569  -0.120 |    430    -0.022 [-0.098, +0.049] 0.619  -0.131 | 
orb15      fade15                     NATGAS/USD  |    309    +0.014 [-0.084, +0.125] 0.560  -0.117 |    218    -0.070 [-0.177, +0.020] 0.569  -0.191 | 
orb15      fade15                     SPX500/USD  |    952    +0.008 [-0.062, +0.078] 0.497  -0.056 |    720    -0.039 [-0.115, +0.042] 0.514  -0.075 | 
orb15      fade15                     WTICO/USD   |    881    -0.035 [-0.096, +0.025] 0.535  -0.115 |    701    +0.062 [-0.008, +0.141] 0.576  -0.006 | 
orb15      fade15                     XAG/USD     |    368    -0.049 [-0.132, +0.032] 0.535  -0.148 |    531    -0.008 [-0.077, +0.069] 0.565  -0.109 | 
orb15      fade15                     XAU/USD     |    795    +0.001 [-0.072, +0.069] 0.521  -0.092 |    730    +0.038 [-0.045, +0.103] 0.529  -0.030 | 
orb15      fade30                     POOLED      |   4059    -0.001 [-0.035, +0.036] 0.465  -0.095 |   3360    -0.011 [-0.048, +0.027] 0.486  -0.090 | 
orb15      fade30                     EUR/USD     |    788    -0.002 [-0.081, +0.079] 0.480  -0.094 |    436    -0.079 [-0.164, +0.011] 0.509  -0.184 | 
orb15      fade30                     NATGAS/USD  |    305    -0.061 [-0.172, +0.053] 0.443  -0.178 |    206    -0.011 [-0.117, +0.093] 0.529  -0.133 | 
orb15      fade30                     SPX500/USD  |    938    +0.035 [-0.050, +0.117] 0.434  -0.043 |    730    -0.045 [-0.129, +0.048] 0.421  -0.084 | 
orb15      fade30                     WTICO/USD   |    878    +0.020 [-0.052, +0.086] 0.500  -0.066 |    706    +0.067 [-0.007, +0.156] 0.517  -0.016 | 
orb15      fade30                     XAG/USD     |    366    -0.086 [-0.175, +0.006] 0.464  -0.195 |    580    +0.015 [-0.062, +0.091] 0.534  -0.088 | 
orb15      fade30                     XAU/USD     |    784    -0.004 [-0.084, +0.075] 0.458  -0.112 |    702    -0.034 [-0.114, +0.045] 0.457  -0.101 | 
orb15      mom30                      POOLED      |   3956    -0.057 [-0.110, -0.004] 0.486  -0.189 |   3533    -0.028 [-0.077, +0.026] 0.490  -0.142 | 
orb15      mom30                      EUR/USD     |    940    -0.043 [-0.150, +0.065] 0.494  -0.183 |    484    -0.056 [-0.191, +0.077] 0.481  -0.203 | 
orb15      mom30                      NATGAS/USD  |    225    +0.134 [-0.117, +0.340] 0.569  -0.016 |     57    -0.161 [-0.520, +0.241] 0.474  -0.331 | 
orb15      mom30                      SPX500/USD  |   1045    -0.146 [-0.265, -0.011] 0.457  -0.245 |    931    -0.033 [-0.154, +0.096] 0.490  -0.105 | 
orb15      mom30                      WTICO/USD   |    922    -0.073 [-0.186, +0.034] 0.471  -0.217 |    762    -0.074 [-0.187, +0.025] 0.470  -0.204 | 
orb15      mom30                      XAG/USD     |     72    +0.150 [-0.160, +0.480] 0.556  -0.022 |    376    +0.015 [-0.090, +0.115] 0.497  -0.126 | 
orb15      mom30                      XAU/USD     |    752    -0.008 [-0.094, +0.068] 0.505  -0.153 |    923    +0.022 [-0.045, +0.104] 0.509  -0.090 | 
orb15      mom60                      POOLED      |   3957    -0.028 [-0.082, +0.021] 0.495  -0.160 |   3535    -0.012 [-0.060, +0.036] 0.502  -0.126 | 
orb15      mom60                      EUR/USD     |    939    +0.024 [-0.082, +0.127] 0.514  -0.115 |    488    -0.047 [-0.175, +0.087] 0.475  -0.194 | 
orb15      mom60                      NATGAS/USD  |    227    -0.004 [-0.223, +0.192] 0.542  -0.154 |     57    +0.073 [-0.300, +0.531] 0.544  -0.097 | 
orb15      mom60                      SPX500/USD  |   1045    -0.085 [-0.212, +0.039] 0.468  -0.185 |    932    -0.040 [-0.148, +0.095] 0.500  -0.112 | 
orb15      mom60                      WTICO/USD   |    922    -0.084 [-0.200, +0.030] 0.466  -0.228 |    760    -0.004 [-0.118, +0.101] 0.487  -0.133 | 
orb15      mom60                      XAG/USD     |     72    +0.104 [-0.193, +0.436] 0.556  -0.067 |    376    +0.023 [-0.090, +0.137] 0.511  -0.117 | 
orb15      mom60                      XAU/USD     |    752    +0.034 [-0.055, +0.115] 0.521  -0.110 |    922    +0.009 [-0.055, +0.081] 0.524  -0.102 | 
orb15      orb15                      POOLED      |   6099    +0.066 [+0.027, +0.107] 0.383  -0.017 |   4966    +0.017 [-0.031, +0.062] 0.368  -0.056 | 
orb15      orb15                      EUR/USD     |   1212    +0.027 [-0.076, +0.135] 0.308  -0.075 |    742    +0.156 [+0.023, +0.294] 0.326  +0.027 | 
orb15      orb15                      NATGAS/USD  |    568    +0.110 [+0.010, +0.227] 0.442  -0.009 |    528    -0.004 [-0.105, +0.103] 0.430  -0.127 | 
orb15      orb15                      SPX500/USD  |   1240    +0.089 [+0.013, +0.168] 0.397  +0.041 |    933    +0.098 [+0.003, +0.184] 0.409  +0.072 | HOLDS_GROSS
orb15      orb15                      WTICO/USD   |   1239    +0.048 [-0.032, +0.128] 0.379  -0.021 |    938    -0.053 [-0.146, +0.031] 0.349  -0.114 | 
orb15      orb15                      XAG/USD     |    685    +0.102 [+0.003, +0.211] 0.419  -0.010 |    866    -0.066 [-0.160, +0.024] 0.348  -0.147 | 
orb15      orb15                      XAU/USD     |   1155    +0.060 [-0.017, +0.142] 0.403  -0.023 |    959    -0.016 [-0.105, +0.085] 0.362  -0.067 | 
orb15      orb30                      POOLED      |   6431    +0.034 [+0.004, +0.069] 0.426  -0.038 |   5308    +0.017 [-0.021, +0.053] 0.412  -0.051 | 
orb15      orb30                      EUR/USD     |   1277    -0.013 [-0.095, +0.071] 0.352  -0.097 |    885    +0.070 [-0.040, +0.183] 0.365  -0.042 | 
orb15      orb30                      NATGAS/USD  |    689    +0.054 [-0.024, +0.142] 0.472  -0.049 |    696    -0.036 [-0.112, +0.048] 0.428  -0.158 | 
orb15      orb30                      SPX500/USD  |   1223    +0.036 [-0.022, +0.097] 0.437  +0.003 |    928    +0.075 [-0.003, +0.151] 0.454  +0.053 | 
orb15      orb30                      WTICO/USD   |   1247    +0.027 [-0.037, +0.099] 0.417  -0.032 |    934    -0.046 [-0.125, +0.025] 0.399  -0.099 | 
orb15      orb30                      XAG/USD     |    814    +0.075 [+0.001, +0.147] 0.468  -0.030 |    923    -0.007 [-0.084, +0.070] 0.401  -0.086 | 
orb15      orb30                      XAU/USD     |   1181    +0.051 [-0.015, +0.123] 0.448  -0.023 |    942    +0.035 [-0.049, +0.124] 0.427  -0.004 | 
pairs16    EURXAU_D1                  EURXAU      |     38    +0.123 [-0.253, +0.553] 0.632  -0.035 |     23    +0.044 [-0.350, +0.395] 0.609  -0.084 | 
pairs16    EURXAU_M15                 EURXAU      |    544    +0.026 [-0.040, +0.090] 0.551  -0.049 |    395    -0.048 [-0.127, +0.027] 0.539  -0.120 | 
pairs16    SPXNAS_D1                  SPXNAS      |     36    +0.057 [-0.236, +0.406] 0.556  -0.127 |     27    -0.192 [-0.491, +0.254] 0.593  -0.438 | 
pairs16    SPXNAS_M15                 SPXNAS      |    541    +0.024 [-0.040, +0.089] 0.573  -0.073 |    429    -0.005 [-0.075, +0.069] 0.524  -0.092 | 
pairs16    XAUXAG_D1                  XAUXAG      |     29    -0.241 [-0.628, +0.265] 0.448  -0.406 |     27    -0.330 [-0.806, +0.121] 0.481  -0.431 | 
pairs16    XAUXAG_M15                 XAUXAG      |    464    +0.000 [-0.066, +0.079] 0.550  -0.144 |    413    -0.087 [-0.160, -0.009] 0.492  -0.162 | 
pairs16    pooled_D1                  POOLED_PAIR |    103    -0.003 [-0.206, +0.249] 0.553  -0.172 |     77    -0.170 [-0.416, +0.059] 0.558  -0.330 | 
pairs16    pooled_M15                 POOLED_PAIR |   1549    +0.018 [-0.020, +0.058] 0.558  -0.086 |   1237    -0.046 [-0.091, +0.002] 0.518  -0.125 | 
season17   N01_XAU_asia_long          XAU/USD     |   1290    +0.023 [-0.011, +0.060] 0.495  -0.023 |    971    +0.071 [+0.022, +0.116] 0.527  +0.041 | 
season17   N02_XAU_ny_short           XAU/USD     |   1267    -0.013 [-0.048, +0.026] 0.489  -0.042 |    968    +0.002 [-0.049, +0.051] 0.488  -0.016 | 
season17   N03_SPX_overnight_long     SPX500/USD  |   1244    +0.019 [+0.007, +0.030] 0.558  +0.008 |    934    +0.009 [-0.007, +0.023] 0.550  -0.000 | 
season17   N04_NAS_overnight_long     NAS100/USD  |   1244    +0.019 [+0.007, +0.030] 0.568  +0.011 |    934    +0.013 [-0.004, +0.029] 0.559  +0.006 | 
season17   N05_SPX_intraday_long      SPX500/USD  |   1247    +0.007 [-0.043, +0.057] 0.544  -0.013 |    935    +0.036 [-0.018, +0.088] 0.556  +0.026 | 
season17   N06_NAS_intraday_long      NAS100/USD  |   1247    +0.025 [-0.028, +0.077] 0.536  +0.012 |    934    +0.032 [-0.023, +0.083] 0.556  +0.026 | 
season17   N07_SPX_monday_short       SPX500/USD  |    233    -0.029 [-0.153, +0.095] 0.425  -0.053 |    176    -0.251 [-0.366, -0.137] 0.341  -0.262 | 
season17   N08_SPX_friday_long        SPX500/USD  |    247    +0.028 [-0.083, +0.123] 0.571  +0.010 |    186    +0.033 [-0.091, +0.141] 0.570  +0.024 | 
season17   N09_SPX_tom_long           SPX500/USD  |     52    -0.021 [-0.092, +0.076] 0.577  -0.030 |     40    +0.056 [-0.048, +0.139] 0.525  +0.046 | 
season17   N10_NAS_tom_long           NAS100/USD  |     52    -0.012 [-0.098, +0.105] 0.577  -0.019 |     40    +0.062 [-0.055, +0.139] 0.625  +0.054 | 
season17   N11_JPY_gotobi_long        USD/JPY     |    332    +0.116 [+0.021, +0.218] 0.566  -0.009 |    261    +0.013 [-0.085, +0.115] 0.521  -0.072 | 
season17   N12_NAS_monday_short       NAS100/USD  |    233    -0.114 [-0.250, +0.026] 0.429  -0.129 |    176    -0.255 [-0.372, -0.138] 0.341  -0.262 | 
season17   N13_NAS_friday_long        NAS100/USD  |    247    -0.027 [-0.145, +0.069] 0.538  -0.039 |    186    +0.024 [-0.105, +0.131] 0.559  +0.018 | 
season17   sel:D4                     XAU/USD     |     97    +0.062 [-0.145, +0.306] 0.567  +0.015 |    185    +0.153 [-0.011, +0.334] 0.551  +0.122 | 
season17   sel:L01                    BTC/USD     |    268    +0.048 [+0.004, +0.091] 0.582  -0.050 |    768    +0.013 [-0.021, +0.047] 0.534  -0.074 | 
season17   sel:L03                    POOLED      |   1032    -0.015 [-0.051, +0.014] 0.497  -0.069 |   1937    -0.002 [-0.032, +0.024] 0.505  -0.065 | 
season17   sel:L03                    WTICO/USD   |    516    -0.010 [-0.063, +0.041] 0.492  -0.066 |    966    -0.004 [-0.053, +0.041] 0.496  -0.085 | 
season17   sel:L03                    XAU/USD     |    516    -0.021 [-0.070, +0.026] 0.502  -0.073 |    971    +0.000 [-0.031, +0.029] 0.514  -0.045 | 
season17   sel:L05                    XAG/USD     |    506    +0.009 [-0.027, +0.049] 0.500  -0.098 |    961    +0.004 [-0.020, +0.029] 0.487  -0.092 | 
season17   sel:L07                    POOLED      |    806    +0.039 [-0.013, +0.094] 0.517  -0.067 |   1704    +0.018 [-0.012, +0.047] 0.512  -0.089 | 
season17   sel:L07                    BTC/USD     |    301    +0.008 [-0.054, +0.082] 0.482  -0.090 |    816    +0.011 [-0.018, +0.043] 0.515  -0.077 | 
season17   sel:L07                    EUR/USD     |    505    +0.057 [-0.022, +0.138] 0.539  -0.053 |    888    +0.025 [-0.026, +0.075] 0.510  -0.100 | 
season17   sel:L11                    NATGAS/USD  |    477    -0.017 [-0.055, +0.018] 0.457  -0.088 |    928    -0.006 [-0.031, +0.020] 0.499  -0.116 | 
season17   sel:L12                    XAG/USD     |    513    -0.023 [-0.054, +0.002] 0.491  -0.100 |    968    +0.022 [+0.005, +0.043] 0.533  -0.041 | 
season17   sel:L14                    USD/JPY     |    487    -0.006 [-0.046, +0.030] 0.499  -0.100 |    937    -0.004 [-0.035, +0.026] 0.511  -0.074 | 
season17   sel:L16                    POOLED      |   1002    +0.016 [-0.008, +0.040] 0.547  +0.001 |   1869    +0.005 [-0.013, +0.022] 0.480  -0.012 | 
season17   sel:L16                    NAS100/USD  |    501    +0.012 [-0.015, +0.038] 0.555  -0.000 |    934    +0.011 [-0.009, +0.030] 0.489  -0.003 | 
season17   sel:L16                    SPX500/USD  |    501    +0.021 [-0.003, +0.044] 0.539  +0.003 |    935    -0.001 [-0.019, +0.015] 0.471  -0.020 | 
season17   sel:L20                    BTC/USD     |    238    -0.087 [-0.153, -0.025] 0.416  -0.182 |    656    +0.012 [-0.030, +0.053] 0.497  -0.073 | 
season17   sel:L21                    EUR/USD     |    478    +0.017 [-0.008, +0.043] 0.510  -0.117 |    858    -0.044 [-0.063, -0.024] 0.431  -0.187 | 
season17   sel:L23                    EUR/USD     |     42    +0.009 [-0.164, +0.164] 0.619  -0.120 |    112    -0.001 [-0.080, +0.074] 0.473  -0.147 | 
season17   sel:U01                    USD/JPY     |    519    +0.033 [-0.005, +0.072] 0.536  -0.037 |    975    +0.004 [-0.026, +0.030] 0.488  -0.049 | 
season17   sel:U04                    POOLED      |   1029    +0.026 [-0.004, +0.058] 0.516  -0.035 |   1919    +0.011 [-0.015, +0.035] 0.531  -0.061 | 
season17   sel:U04                    NAS100/USD  |    516    +0.026 [-0.006, +0.058] 0.521  -0.035 |    971    +0.008 [-0.018, +0.033] 0.531  -0.056 | 
season17   sel:U04                    SPX500/USD  |    513    +0.027 [-0.006, +0.059] 0.511  -0.035 |    948    +0.013 [-0.013, +0.039] 0.531  -0.066 | 
season17   sel:U06                    POOLED      |   1016    +0.051 [+0.015, +0.089] 0.532  -0.028 |   1932    +0.005 [-0.022, +0.031] 0.519  -0.062 | 
season17   sel:U06                    NAS100/USD  |    515    +0.035 [-0.020, +0.085] 0.534  -0.023 |    969    +0.021 [-0.022, +0.059] 0.515  -0.043 | 
season17   sel:U06                    USD/JPY     |    501    +0.068 [+0.014, +0.128] 0.531  -0.032 |    963    -0.012 [-0.050, +0.027] 0.522  -0.082 | 
season17   sel:U14                    NATGAS/USD  |    485    -0.022 [-0.066, +0.022] 0.489  -0.096 |    954    -0.008 [-0.041, +0.024] 0.506  -0.114 | 
season17   sel:U15                    NATGAS/USD  |    483    -0.002 [-0.038, +0.033] 0.476  -0.072 |    930    +0.020 [-0.006, +0.046] 0.523  -0.088 | 
season17   sel:U17                    POOLED      |   1021    -0.019 [-0.045, +0.006] 0.492  -0.084 |   1931    +0.002 [-0.016, +0.020] 0.505  -0.056 | 
season17   sel:U17                    WTICO/USD   |    512    -0.001 [-0.033, +0.032] 0.500  -0.032 |    968    -0.001 [-0.027, +0.025] 0.497  -0.040 | 
season17   sel:U17                    XAG/USD     |    509    -0.037 [-0.071, -0.006] 0.483  -0.135 |    963    +0.006 [-0.016, +0.028] 0.514  -0.071 | 
season17   sel:U20                    SPX500/USD  |    501    -0.023 [-0.066, +0.015] 0.523  -0.041 |    935    -0.004 [-0.028, +0.018] 0.466  -0.023 | 
season17   sel:U22                    WTICO/USD   |    267    -0.032 [-0.076, +0.014] 0.449  -0.111 |    294    +0.016 [-0.035, +0.068] 0.514  -0.108 | 
season17   sel:U23                    XAU/USD     |    349    +0.030 [-0.015, +0.075] 0.564  -0.080 |    690    +0.059 [+0.025, +0.094] 0.559  -0.029 | 
wave23     M15|k0.5|flip|st|noexit|ar POOLED      |    763    -0.185 [-0.382, +0.061] 0.114  -0.299 |    888    -0.265 [-0.464, -0.042] 0.092  -0.356 | 
wave23     M15|k0.5|flip|st|noexit|ar EUR/USD     |     75    -0.052 [-0.614, +0.451] 0.173  -0.218 |     22    -0.461 [-1.000, +0.433] 0.136  -0.473 | 
wave23     M15|k0.5|flip|st|noexit|ar NATGAS/USD  |     20    +0.473 [-0.513, +1.973] 0.250  +0.456 |      -                          -     -       - | 
wave23     M15|k0.5|flip|st|noexit|ar SPX500/USD  |    352    -0.407 [-0.646, -0.101] 0.077  -0.502 |    115    -0.248 [-0.739, +0.449] 0.113  -0.328 | 
wave23     M15|k0.5|flip|st|noexit|ar WTICO/USD   |    173    +0.365 [-0.149, +1.113] 0.139  +0.168 |    192    -0.384 [-1.008, +0.198] 0.073  -0.489 | 
wave23     M15|k0.5|flip|st|noexit|ar XAG/USD     |      -                          -     -       - |    100    +0.352 [-0.477, +1.511] 0.100  +0.304 | 
wave23     M15|k0.5|flip|st|noexit|ar XAU/USD     |    138    -0.445 [-0.681, -0.191] 0.130  -0.494 |    456    -0.339 [-0.547, -0.100] 0.092  -0.441 | 
wave23     M15|k0.75|flip|st|noexit|a POOLED      |   1354    -0.127 [-0.261, +0.013] 0.179  -0.269 |   1400    -0.133 [-0.271, +0.023] 0.145  -0.263 | 
wave23     M15|k0.75|flip|st|noexit|a EUR/USD     |    281    -0.074 [-0.320, +0.251] 0.203  -0.244 |    103    -0.222 [-0.578, +0.259] 0.155  -0.487 | 
wave23     M15|k0.75|flip|st|noexit|a NATGAS/USD  |    108    +0.207 [-0.195, +0.657] 0.250  -0.001 |      -                          -     -       - | 
wave23     M15|k0.75|flip|st|noexit|a SPX500/USD  |    358    -0.385 [-0.597, -0.126] 0.117  -0.457 |    117    -0.076 [-0.528, +0.569] 0.145  -0.163 | 
wave23     M15|k0.75|flip|st|noexit|a WTICO/USD   |    268    +0.135 [-0.221, +0.584] 0.194  -0.026 |    264    -0.219 [-0.552, +0.171] 0.136  -0.284 | 
wave23     M15|k0.75|flip|st|noexit|a XAG/USD     |     36    -0.173 [-0.616, +0.414] 0.278  -0.353 |    305    +0.050 [-0.280, +0.426] 0.161  -0.124 | 
wave23     M15|k0.75|flip|st|noexit|a XAU/USD     |    303    -0.218 [-0.470, +0.134] 0.178  -0.370 |    594    -0.163 [-0.364, +0.067] 0.141  -0.289 | 
wave23     M15|k1.0|flip|st|noexit|ar POOLED      |   1784    -0.116 [-0.211, -0.010] 0.205  -0.237 |   1724    +0.004 [-0.112, +0.141] 0.194  -0.147 | 
wave23     M15|k1.0|flip|st|noexit|ar EUR/USD     |    403    -0.156 [-0.349, +0.076] 0.199  -0.313 |    206    -0.238 [-0.488, +0.068] 0.189  -0.459 | 
wave23     M15|k1.0|flip|st|noexit|ar NATGAS/USD  |    208    +0.134 [-0.156, +0.470] 0.279  -0.047 |     38    -0.283 [-0.758, +0.474] 0.184  -0.363 | 
wave23     M15|k1.0|flip|st|noexit|ar SPX500/USD  |    358    -0.383 [-0.564, -0.175] 0.145  -0.404 |    117    +0.552 [-0.069, +1.536] 0.231  +0.544 | 
wave23     M15|k1.0|flip|st|noexit|ar WTICO/USD   |    324    +0.044 [-0.231, +0.336] 0.216  -0.057 |    277    +0.057 [-0.409, +0.707] 0.177  -0.269 | 
wave23     M15|k1.0|flip|st|noexit|ar XAG/USD     |    118    -0.218 [-0.488, +0.095] 0.229  -0.507 |    464    +0.197 [-0.029, +0.475] 0.222  +0.038 | 
wave23     M15|k1.0|flip|st|noexit|ar XAU/USD     |    373    -0.062 [-0.323, +0.220] 0.209  -0.171 |    622    -0.169 [-0.331, +0.018] 0.177  -0.243 | 
wave23     M5|k0.5|flip|st|noexit|arm POOLED      |    782    -0.140 [-0.346, +0.094] 0.102  -0.289 |    734    +0.013 [-0.236, +0.281] 0.119  -0.202 | 
wave23     M5|k0.5|flip|st|noexit|arm EUR/USD     |      -                          -     -       - |      -                          -     -       - | 
wave23     M5|k0.5|flip|st|noexit|arm NATGAS/USD  |      -                          -     -       - |      -                          -     -       - | 
wave23     M5|k0.5|flip|st|noexit|arm SPX500/USD  |    541    -0.215 [-0.458, +0.034] 0.092  -0.347 |    180    +0.032 [-0.482, +0.687] 0.133  -0.001 | 
wave23     M5|k0.5|flip|st|noexit|arm WTICO/USD   |    183    +0.052 [-0.388, +0.576] 0.131  -0.159 |    143    -0.256 [-0.707, +0.455] 0.091  -0.593 | 
wave23     M5|k0.5|flip|st|noexit|arm XAG/USD     |      -                          -     -       - |     40    -0.083 [-0.900, +0.873] 0.125  -0.526 | 
wave23     M5|k0.5|flip|st|noexit|arm XAU/USD     |     49    -0.048 [-0.907, +1.535] 0.082  -0.188 |    364    +0.121 [-0.224, +0.515] 0.121  -0.115 | 
wave23     M5|k0.75|flip|st|noexit|ar POOLED      |   1324    -0.178 [-0.289, -0.047] 0.147  -0.353 |   1514    +0.067 [-0.116, +0.251] 0.166  -0.066 | 
wave23     M5|k0.75|flip|st|noexit|ar EUR/USD     |    135    +0.094 [-0.263, +0.540] 0.207  -0.132 |     36    -0.249 [-0.795, +0.532] 0.194  -0.525 | 
wave23     M5|k0.75|flip|st|noexit|ar NATGAS/USD  |     46    +0.247 [-0.836, +1.550] 0.217  -0.329 |      -                          -     -       - | 
wave23     M5|k0.75|flip|st|noexit|ar SPX500/USD  |    592    -0.247 [-0.416, -0.051] 0.139  -0.385 |    196    +0.306 [-0.279, +0.829] 0.179  +0.201 | 
wave23     M5|k0.75|flip|st|noexit|ar WTICO/USD   |    315    -0.082 [-0.389, +0.255] 0.137  -0.237 |    315    +0.234 [-0.220, +0.704] 0.181  +0.116 | 
wave23     M5|k0.75|flip|st|noexit|ar XAG/USD     |      -                          -     -       - |    187    -0.101 [-0.472, +0.371] 0.150  -0.266 | 
wave23     M5|k0.75|flip|st|noexit|ar XAU/USD     |    234    -0.366 [-0.567, -0.112] 0.137  -0.551 |    771    -0.001 [-0.228, +0.231] 0.160  -0.135 | 
wave23     M5|k1.0|flip|st|noexit|arm POOLED      |   2062    -0.069 [-0.170, +0.031] 0.197  -0.226 |   2126    -0.012 [-0.125, +0.111] 0.204  -0.150 | 
wave23     M5|k1.0|flip|st|noexit|arm EUR/USD     |    386    -0.014 [-0.217, +0.192] 0.225  -0.199 |    111    -0.086 [-0.408, +0.353] 0.243  -0.313 | 
wave23     M5|k1.0|flip|st|noexit|arm NATGAS/USD  |    162    +0.037 [-0.358, +0.540] 0.222  -0.222 |     23    -0.720 [-1.064, -0.334] 0.174  -0.834 | 
wave23     M5|k1.0|flip|st|noexit|arm SPX500/USD  |    605    -0.155 [-0.343, +0.052] 0.170  -0.253 |    198    +0.218 [-0.228, +0.586] 0.212  +0.111 | 
wave23     M5|k1.0|flip|st|noexit|arm WTICO/USD   |    429    -0.146 [-0.362, +0.058] 0.186  -0.243 |    390    +0.114 [-0.173, +0.423] 0.223  -0.108 | 
wave23     M5|k1.0|flip|st|noexit|arm XAG/USD     |     29    -0.564 [-0.943, -0.083] 0.138  -0.841 |    413    +0.079 [-0.147, +0.368] 0.228  -0.093 | 
wave23     M5|k1.0|flip|st|noexit|arm XAU/USD     |    451    +0.066 [-0.167, +0.346] 0.215  -0.156 |    991    -0.121 [-0.273, +0.037] 0.182  -0.209 | 
xvol10     K3_conf_exit10m            POOLED      |    743    +0.001 [-0.060, +0.068] 0.475  -0.125 |    811    -0.024 [-0.093, +0.047] 0.446  -0.143 | 
xvol10     K3_conf_exit10m            BTC/USD     |     20    -0.229 [-0.719, +0.129] 0.500  -0.331 |     45    -0.062 [-0.303, +0.169] 0.444  -0.215 | 
xvol10     K3_conf_exit10m            EUR/USD     |    113    -0.012 [-0.188, +0.153] 0.469  -0.160 |     67    -0.152 [-0.303, -0.008] 0.433  -0.299 | 
xvol10     K3_conf_exit10m            NATGAS/USD  |      -                          -     -       - |      -                          -     -       - | 
xvol10     K3_conf_exit10m            SPX500/USD  |    244    +0.130 [+0.002, +0.261] 0.533  +0.035 |    202    +0.008 [-0.147, +0.180] 0.490  -0.083 | 
xvol10     K3_conf_exit10m            USD/JPY     |    105    -0.027 [-0.206, +0.139] 0.448  -0.181 |    168    +0.020 [-0.133, +0.174] 0.429  -0.110 | 
xvol10     K3_conf_exit10m            WTICO/USD   |     89    -0.076 [-0.274, +0.107] 0.427  -0.204 |    103    +0.002 [-0.197, +0.215] 0.447  -0.110 | 
xvol10     K3_conf_exit10m            XAG/USD     |      -                          -     -       - |     57    +0.037 [-0.198, +0.264] 0.491  -0.098 | 
xvol10     K3_conf_exit10m            XAU/USD     |    147    -0.068 [-0.199, +0.088] 0.449  -0.206 |    160    -0.091 [-0.213, +0.082] 0.394  -0.211 | 
xvol10     K3_conf_exit30m            POOLED      |    743    +0.041 [-0.055, +0.166] 0.476  -0.085 |    811    +0.014 [-0.091, +0.126] 0.481  -0.104 | 
xvol10     K3_conf_exit30m            BTC/USD     |     20    +0.166 [-0.382, +1.259] 0.350  +0.064 |     45    +0.111 [-0.321, +0.403] 0.556  -0.041 | 
xvol10     K3_conf_exit30m            EUR/USD     |    113    -0.059 [-0.284, +0.155] 0.469  -0.208 |     67    -0.206 [-0.475, -0.001] 0.403  -0.353 | 
xvol10     K3_conf_exit30m            NATGAS/USD  |      -                          -     -       - |      -                          -     -       - | 
xvol10     K3_conf_exit30m            SPX500/USD  |    244    +0.185 [-0.027, +0.438] 0.512  +0.089 |    202    -0.017 [-0.248, +0.223] 0.450  -0.108 | 
xvol10     K3_conf_exit30m            USD/JPY     |    105    -0.076 [-0.270, +0.165] 0.495  -0.229 |    168    +0.102 [-0.196, +0.408] 0.524  -0.029 | 
xvol10     K3_conf_exit30m            WTICO/USD   |     89    -0.181 [-0.401, +0.108] 0.404  -0.309 |    103    +0.037 [-0.210, +0.349] 0.447  -0.072 | 
xvol10     K3_conf_exit30m            XAG/USD     |      -                          -     -       - |     57    +0.251 [-0.113, +0.603] 0.596  +0.113 | 
xvol10     K3_conf_exit30m            XAU/USD     |    147    +0.110 [-0.150, +0.446] 0.469  -0.030 |    160    -0.081 [-0.265, +0.152] 0.469  -0.199 | 
xvol10     K3_conf_exit3m             POOLED      |    743    -0.034 [-0.070, +0.003] 0.440  -0.159 |    811    +0.009 [-0.035, +0.054] 0.480  -0.110 | 
xvol10     K3_conf_exit3m             BTC/USD     |     20    +0.036 [-0.125, +0.262] 0.350  -0.065 |     45    +0.069 [-0.055, +0.228] 0.600  -0.087 | 
xvol10     K3_conf_exit3m             EUR/USD     |    113    -0.101 [-0.209, -0.012] 0.389  -0.248 |     67    -0.107 [-0.225, -0.001] 0.418  -0.255 | 
xvol10     K3_conf_exit3m             NATGAS/USD  |      -                          -     -       - |      -                          -     -       - | 
xvol10     K3_conf_exit3m             SPX500/USD  |    244    +0.017 [-0.059, +0.095] 0.488  -0.079 |    202    +0.029 [-0.090, +0.144] 0.485  -0.064 | 
xvol10     K3_conf_exit3m             USD/JPY     |    105    -0.049 [-0.135, +0.029] 0.476  -0.203 |    168    +0.055 [-0.044, +0.147] 0.518  -0.075 | 
xvol10     K3_conf_exit3m             WTICO/USD   |     89    -0.003 [-0.102, +0.117] 0.483  -0.130 |    103    -0.070 [-0.179, +0.042] 0.398  -0.182 | 
xvol10     K3_conf_exit3m             XAG/USD     |      -                          -     -       - |     57    +0.069 [-0.063, +0.202] 0.614  -0.070 | 
xvol10     K3_conf_exit3m             XAU/USD     |    147    -0.063 [-0.123, +0.017] 0.374  -0.201 |    160    +0.003 [-0.078, +0.110] 0.431  -0.117 | 
xvol10     K3_conf_exit5m             POOLED      |    743    -0.014 [-0.064, +0.038] 0.459  -0.140 |    811    +0.013 [-0.044, +0.075] 0.473  -0.106 | 
xvol10     K3_conf_exit5m             BTC/USD     |     20    -0.032 [-0.312, +0.180] 0.550  -0.133 |     45    +0.089 [-0.057, +0.227] 0.578  -0.066 | 
xvol10     K3_conf_exit5m             EUR/USD     |    113    -0.077 [-0.212, +0.043] 0.451  -0.223 |     67    -0.181 [-0.324, -0.055] 0.418  -0.330 | 
xvol10     K3_conf_exit5m             NATGAS/USD  |      -                          -     -       - |      -                          -     -       - | 
xvol10     K3_conf_exit5m             SPX500/USD  |    244    +0.074 [-0.022, +0.173] 0.475  -0.023 |    202    +0.057 [-0.101, +0.208] 0.495  -0.035 | 
xvol10     K3_conf_exit5m             USD/JPY     |    105    -0.034 [-0.129, +0.087] 0.476  -0.188 |    168    +0.043 [-0.082, +0.152] 0.506  -0.087 | 
xvol10     K3_conf_exit5m             WTICO/USD   |     89    -0.050 [-0.194, +0.095] 0.461  -0.177 |    103    -0.042 [-0.177, +0.112] 0.417  -0.153 | 
xvol10     K3_conf_exit5m             XAG/USD     |      -                          -     -       - |     57    +0.044 [-0.112, +0.186] 0.491  -0.093 | 
xvol10     K3_conf_exit5m             XAU/USD     |    147    -0.050 [-0.145, +0.083] 0.415  -0.187 |    160    +0.007 [-0.095, +0.148] 0.438  -0.110 | 
xvol9      K3_H1_M12                  POOLED      |    554    +0.054 [-0.038, +0.156] 0.345  -0.091 |    582    +0.019 [-0.067, +0.109] 0.328  -0.085 | 
xvol9      K3_H1_M12                  BTC/USD     |      -                          -     -       - |     34    +0.013 [-0.394, +0.527] 0.324  -0.219 | 
xvol9      K3_H1_M12                  EUR/USD     |     82    +0.073 [-0.198, +0.338] 0.329  -0.132 |     74    +0.005 [-0.244, +0.309] 0.338  -0.153 | 
xvol9      K3_H1_M12                  NATGAS/USD  |      -                          -     -       - |      -                          -     -       - | 
xvol9      K3_H1_M12                  SPX500/USD  |    164    +0.086 [-0.122, +0.269] 0.360  -0.028 |    107    -0.019 [-0.234, +0.192] 0.318  -0.084 | 
xvol9      K3_H1_M12                  USD/JPY     |    103    +0.075 [-0.172, +0.335] 0.291  -0.052 |    131    +0.086 [-0.117, +0.309] 0.305  -0.024 | 
xvol9      K3_H1_M12                  WTICO/USD   |     74    +0.057 [-0.188, +0.331] 0.419  -0.045 |     84    +0.017 [-0.191, +0.265] 0.369  -0.086 | 
xvol9      K3_H1_M12                  XAG/USD     |     24    +0.170 [-0.200, +0.556] 0.458  +0.014 |     43    +0.034 [-0.324, +0.378] 0.302  -0.080 | 
xvol9      K3_H1_M12                  XAU/USD     |     95    -0.040 [-0.238, +0.179] 0.305  -0.258 |    106    +0.014 [-0.237, +0.220] 0.349  -0.046 | 
xvol9      K3_H1_M72                  POOLED      |    554    +0.090 [-0.023, +0.207] 0.235  -0.062 |    582    -0.003 [-0.117, +0.113] 0.220  -0.088 | 
xvol9      K3_H1_M72                  BTC/USD     |      -                          -     -       - |     34    +0.025 [-0.437, +0.603] 0.235  -0.163 | 
xvol9      K3_H1_M72                  EUR/USD     |     82    +0.043 [-0.239, +0.366] 0.207  -0.135 |     74    +0.138 [-0.224, +0.537] 0.284  -0.076 | 
xvol9      K3_H1_M72                  NATGAS/USD  |      -                          -     -       - |      -                          -     -       - | 
xvol9      K3_H1_M72                  SPX500/USD  |    164    +0.094 [-0.159, +0.305] 0.250  -0.037 |    107    -0.078 [-0.320, +0.153] 0.187  -0.118 | 
xvol9      K3_H1_M72                  USD/JPY     |    103    +0.155 [-0.116, +0.426] 0.252  -0.028 |    131    +0.103 [-0.122, +0.343] 0.275  -0.057 | 
xvol9      K3_H1_M72                  WTICO/USD   |     74    +0.025 [-0.263, +0.352] 0.203  -0.026 |     84    -0.096 [-0.423, +0.338] 0.167  -0.091 | 
xvol9      K3_H1_M72                  XAG/USD     |     24    +0.278 [-0.203, +0.898] 0.292  +0.186 |     43    -0.100 [-0.505, +0.300] 0.140  -0.176 | 
xvol9      K3_H1_M72                  XAU/USD     |     95    +0.079 [-0.219, +0.394] 0.221  -0.167 |    106    -0.025 [-0.301, +0.224] 0.217  -0.015 | 
xvol9      K3_H2_M12                  POOLED      |    116    +0.089 [-0.155, +0.289] 0.371  -0.067 |     89    -0.102 [-0.331, +0.092] 0.258  -0.231 | 
xvol9      K3_H2_M12                  EUR/USD     |     34    -0.082 [-0.388, +0.202] 0.353  -0.171 |      -                          -     -       - | 
xvol9      K3_H2_M12                  USD/JPY     |     41    +0.187 [-0.181, +0.605] 0.390  -0.074 |     35    -0.114 [-0.435, +0.161] 0.286  -0.297 | 
xvol9      K3_H2_M12                  WTICO/USD   |     34    -0.013 [-0.412, +0.511] 0.324  -0.121 |     27    +0.119 [-0.434, +0.497] 0.333  +0.008 | 
xvol9      K3_H2_M12                  XAG/USD     |      -                          -     -       - |      -                          -     -       - | 
xvol9      K3_H2_M72                  POOLED      |    116    +0.059 [-0.203, +0.295] 0.224  -0.053 |     89    -0.025 [-0.286, +0.235] 0.213  -0.130 | 
xvol9      K3_H2_M72                  EUR/USD     |     34    -0.144 [-0.446, +0.181] 0.176  -0.112 |      -                          -     -       - | 
xvol9      K3_H2_M72                  USD/JPY     |     41    +0.047 [-0.371, +0.576] 0.195  -0.236 |     35    +0.017 [-0.434, +0.463] 0.200  -0.128 | 
xvol9      K3_H2_M72                  WTICO/USD   |     34    +0.147 [-0.370, +0.800] 0.235  +0.088 |     27    +0.102 [-0.461, +0.499] 0.296  -0.009 | 
xvol9      K3_H2_M72                  XAG/USD     |      -                          -     -       - |      -                          -     -       - | 
xvol9      K3_H3_M12                  POOLED      |    532    -0.091 [-0.180, -0.005] 0.336  -0.207 |    502    +0.006 [-0.080, +0.107] 0.382  -0.084 | 
xvol9      K3_H3_M12                  BTC/USD     |      -                          -     -       - |     23    +0.011 [-0.478, +0.505] 0.348  -0.132 | 
xvol9      K3_H3_M12                  EUR/USD     |    115    -0.076 [-0.270, +0.091] 0.383  -0.204 |     49    -0.073 [-0.406, +0.182] 0.327  -0.133 | 
xvol9      K3_H3_M12                  NATGAS/USD  |      -                          -     -       - |      -                          -     -       - | 
xvol9      K3_H3_M12                  SPX500/USD  |    147    -0.055 [-0.209, +0.117] 0.347  -0.155 |    132    -0.035 [-0.213, +0.187] 0.356  -0.138 | 
xvol9      K3_H3_M12                  USD/JPY     |     96    -0.191 [-0.373, -0.041] 0.292  -0.311 |    103    +0.078 [-0.119, +0.246] 0.437  -0.025 | 
xvol9      K3_H3_M12                  WTICO/USD   |     55    -0.202 [-0.454, -0.026] 0.327  -0.340 |     76    +0.090 [-0.163, +0.295] 0.487  -0.021 | 
xvol9      K3_H3_M12                  XAG/USD     |      -                          -     -       - |     29    -0.129 [-0.465, +0.352] 0.345  -0.104 | 
xvol9      K3_H3_M12                  XAU/USD     |     81    +0.019 [-0.190, +0.230] 0.309  -0.113 |     86    -0.059 [-0.249, +0.156] 0.314  -0.139 | 
xvol9      K3_H3_M72                  POOLED      |    532    -0.133 [-0.232, -0.008] 0.207  -0.249 |    502    -0.065 [-0.179, +0.058] 0.219  -0.158 | 
xvol9      K3_H3_M72                  BTC/USD     |      -                          -     -       - |     23    -0.030 [-0.483, +0.547] 0.261  -0.188 | 
xvol9      K3_H3_M72                  EUR/USD     |    115    -0.156 [-0.375, +0.043] 0.243  -0.273 |     49    -0.162 [-0.537, +0.169] 0.204  -0.202 | 
xvol9      K3_H3_M72                  NATGAS/USD  |      -                          -     -       - |      -                          -     -       - | 
xvol9      K3_H3_M72                  SPX500/USD  |    147    -0.113 [-0.309, +0.102] 0.190  -0.166 |    132    -0.105 [-0.316, +0.162] 0.205  -0.201 | 
xvol9      K3_H3_M72                  USD/JPY     |     96    -0.118 [-0.348, +0.111] 0.198  -0.306 |    103    -0.098 [-0.299, +0.105] 0.204  -0.201 | 
xvol9      K3_H3_M72                  WTICO/USD   |     55    -0.331 [-0.566, -0.083] 0.109  -0.392 |     76    +0.012 [-0.324, +0.296] 0.250  -0.133 | 
xvol9      K3_H3_M72                  XAG/USD     |      -                          -     -       - |     29    -0.269 [-0.663, +0.306] 0.172  -0.321 | 
xvol9      K3_H3_M72                  XAU/USD     |     81    -0.041 [-0.276, +0.237] 0.210  -0.206 |     86    +0.019 [-0.227, +0.320] 0.233  -0.043 | 

NOTES (rescan26, POST-HOC)
- Rows: 453 total, 418 checked (n >= 20 in both windows). HOLDS_GROSS raw 3, after Holm 0 (Holm on 418 rows needs p < 0.00012).
- Sensitivity: mw6 daily tranches overlap for 20 days. With the campaign's own 20-day block (out/report_mw6_b20.txt) no mw6 row
  holds; the only raw survivor left is orb15 SPX500/USD.
- Dev window per campaign follows the campaign: 2018-2022 (orb15, xvol9, xvol10, pairs16, notrade12, limit13, dev2, season17 named),
  2019-2022 (daytype14, lean21, wave23, mw6), validation 2021-2022 only for season17 selected candidates (selected on 2018-2020 gross).
- Entry: next bar open after the signal bar close in all rows (orb/fade, daytype14, pairs16, mw6 D1, xvol9, lean21, wave23, nt12, dev2);
  xvol10 enters at the first M1 bar after the confirmation minute; orb15 mom/eia and season17 enter at a clock bar after the predictor ended.
- Gross recompute: the same entries on bars with bid = ask = mid (x_recompute.py); stops and exits resolve on mid, so gross is path
  dependent and not net + spread. wave23 gross follows the mid trade sequence; its net column is the bid/ask result of the same trades.
  mw6 gross = bid/ask gross + spread (mw6 stop fills count the entry spread only).
- Coverage: fm2 and ablate4 P3 are classification only (no trades). ablate4 P3c, bench1 E-stage selections, risk8 stop/sizing
  overlays, lean22 card lean and filter316 (live window, no dev split) were not recomputed. limit13 passive fills have no defined gross;
  its market baseline (flips/impulses with spread and thin-hour filters) is reported. ladder A, de_v2 D, bench1 cfgX/frozenD, ablate4
  P1/P2 and risk8 base entry sets are covered by the dev2 rows (WTI, XAU; frozen gate for D, in-sample in dev).
